$SPEC_ID:
Pulser
$SPEC_REM:
DET# 2
DETDESC# NUCLEAR-PC MCB 129 Input 2
AP# Maestro Version 6.08
$DATE_MEA:
02/05/2021 11:20:32
$MEAS_TIM:
260 261
$DATA:
0 4095
       0
       0
       0
       0
       0
       0
       0
       0
       0
       0
       0
       0
       0
       0
       0
       0
       0
       0
       0
       0
       0
       0
       0
       0
       0
       0
       0
       0
       0
       0
       0
       0
       0
       0
       0
       0
       0
       0
       0
       0
       0
       0
       0
       0
       0
       0
       0
       3
      17
      18
      20
      21
      13
      17
      20
      16
      15
      17
      12
      25
      16
      15
      15
      28
      18
      33
      28
      26
      24
      36
      39
      39
      41
      32
      34
      31
      36
      36
      38
      26
      31
      22
      30
      26
      22
      24
      21
      29
      29
      28
      30
      24
      31
      24
      21
      23
      14
      24
      33
      31
      25
      30
      16
      19
      33
      22
      23
      20
      24
      29
      17
      23
      24
      20
      23
      29
      24
      21
      18
      35
      26
      23
      25
      27
      29
      33
      23
      28
      35
      30
      29
      33
      34
      33
      26
      36
      35
      33
      32
      48
      43
      37
      41
      42
      41
      35
      45
      43
      43
      44
      52
      43
      54
      41
      61
      53
      44
      58
      52
      54
      62
      55
      52
      54
      57
      55
      51
      60
      67
      56
      69
      60
      66
      64
      57
      60
      77
      80
      64
      62
      77
      73
      87
      74
      93
      81
     102
      82
      91
      90
      98
     106
      99
     102
      96
     111
     104
     121
     137
     124
     125
     132
     145
     149
     154
     149
     155
     153
     155
     157
     172
     160
     153
     154
     173
     180
     191
     185
     160
     173
     177
     149
     179
     153
     155
     162
     152
     147
     150
     171
     150
     153
     137
     147
     122
     148
     125
     127
     117
     134
     139
     130
     109
     114
     136
     121
     110
     120
     163
     131
     144
     148
     160
     174
     189
     219
     239
     229
     239
     311
     302
     344
     375
     403
     477
     504
     571
     600
     656
     784
     788
     881
     858
     917
    1039
    1055
    1113
    1117
    1153
    1170
    1319
    1216
    1242
    1299
    1265
    1306
    1240
    1259
    1173
    1172
    1126
    1106
    1086
     954
     952
     853
     889
     817
     740
     694
     668
     593
     616
     484
     522
     453
     449
     427
     397
     372
     318
     315
     304
     269
     248
     239
     233
     230
     212
     212
     205
     174
     165
     155
     156
     141
     144
     122
     118
     104
     110
     119
      85
      98
      95
      68
      86
      69
      89
      70
      54
      49
      72
      55
      58
      60
      51
      45
      49
      58
      58
      43
      49
      43
      32
      38
      35
      38
      39
      30
      50
      36
      35
      36
      32
      45
      43
      34
      30
      34
      31
      50
      34
      36
      40
      23
      36
      34
      36
      37
      43
      31
      37
      42
      34
      32
      39
      29
      34
      44
      33
      31
      39
      46
      27
      30
      38
      28
      26
      37
      27
      35
      30
      31
      32
      29
      32
      27
      40
      25
      44
      18
      25
      25
      32
      28
      28
      30
      30
      33
      22
      37
      28
      32
      33
      27
      41
      33
      26
      38
      29
      36
      29
      34
      31
      21
      29
      24
      28
      33
      33
      29
      23
      32
      28
      34
      26
      25
      29
      23
      24
      29
      25
      26
      32
      17
      27
      25
      33
      29
      36
      29
      25
      29
      30
      23
      22
      32
      32
      32
      24
      26
      25
      28
      28
      27
      24
      25
      16
      33
      26
      21
      24
      22
      24
      24
      28
      30
      37
      27
      21
      21
      21
      20
      28
      21
      13
      25
      28
      26
      20
      24
      29
      26
      21
      21
      23
      24
      33
      29
      26
      16
      17
      14
      32
      32
      22
      26
      31
      24
      21
      29
      25
      26
      15
      16
      17
      26
      20
      32
      23
      21
      28
      20
      23
      24
      26
      18
      18
      27
      21
      20
      15
      11
      22
      11
      18
      14
      22
      20
      21
      17
      16
      17
      20
      15
      17
      26
      17
      17
      17
      10
      14
      20
      20
      24
      19
      10
      16
      19
      14
      24
      12
      16
      19
      14
      18
      18
      13
       9
      11
      18
      12
      17
      13
      16
      16
      17
      12
       7
      16
      13
      16
      16
      13
      16
      16
      12
      15
      15
      23
      15
      15
      16
       7
      13
      17
      21
      15
       8
      12
      16
      14
      15
      18
      12
      14
      14
      15
      15
      10
      16
       8
      15
      15
      18
      17
      25
      18
      16
      12
      13
       8
      21
      11
      17
      16
      14
      18
      11
      12
      14
       8
       9
      15
      11
      16
      18
      12
       9
      17
      13
      11
      16
      20
      21
      19
      16
       9
      11
      16
      15
      13
      12
      10
      10
      15
      16
      11
      10
      11
       8
      10
       7
      14
      17
      17
       7
       9
      11
      15
      12
      12
       4
       9
       5
      10
      12
      16
       9
       9
      12
       9
      12
      12
      11
      12
       9
      11
       8
      15
       8
      13
      14
       7
      16
      16
       8
       7
      13
      10
       7
      14
      13
       7
       6
       5
      12
      10
      12
      11
       5
       5
      11
       8
       6
       3
       9
      11
      15
      16
       5
       9
       6
       7
       6
      12
      15
       8
       9
      16
      10
      11
      11
      13
      23
      17
       7
      13
      13
       7
       6
       9
      17
       7
      14
       8
      15
      13
      17
      15
      10
      12
      12
       9
      15
      13
      16
       6
      12
       6
      10
      14
      15
      13
      10
      12
      12
       8
       7
       6
       9
      12
      15
      14
       4
      10
      10
       7
      11
       7
      12
      15
       9
       6
      13
       7
       8
      13
      12
       9
      10
       6
      12
       5
       7
      13
       7
      10
       6
      10
      15
      10
      10
       8
       7
       7
      11
       5
       7
       7
       8
       7
       6
       7
       9
       3
       6
       7
      10
       6
       3
       5
       7
       3
       6
       7
      12
       5
       3
       2
       8
       5
       6
       7
       5
       8
       4
       5
       4
       4
       3
      10
       8
       2
       7
       7
       8
       4
       5
       5
       5
       7
       2
       5
       5
      10
       5
       6
       8
       7
       4
       3
       6
       5
       6
       8
       4
       9
       9
       4
       3
       7
       6
       1
       2
       5
       5
       3
       1
       3
       6
       1
       3
       4
       4
       8
       5
       5
       5
       7
       8
       5
       2
       4
       7
       4
       5
       2
       6
       9
       6
       3
       7
       9
       6
       4
       6
       7
       3
       4
       4
       8
       1
       6
       4
       2
       2
       4
       4
       6
       8
       5
       3
       4
       2
       5
       6
       2
       4
       9
       8
       5
       3
       7
       3
       6
       4
       4
       1
       4
       6
       2
       3
       3
       3
       5
       3
       6
       4
       2
       3
       6
       7
       6
       2
       4
       6
       5
       5
       1
       3
       3
       7
       3
       4
       1
       9
       6
       2
       7
       3
       2
       3
       5
       5
       6
       6
       2
       5
       3
       4
       5
       5
       3
       4
       2
       5
       4
       3
       5
       3
       5
       3
       4
       6
       3
       7
       3
       4
       6
       6
       5
       3
       5
       4
       9
       4
       1
       4
       5
       2
       3
       2
       4
       5
       7
       6
       7
       6
       5
       4
       2
       3
       2
       6
       4
       4
       0
       3
       1
       5
       6
       6
       1
       3
       1
       1
       2
       5
       2
       3
       2
       7
       4
       4
       4
       3
       6
       3
       3
       5
       5
       5
       4
       4
       1
       3
       4
       3
       5
       5
       3
       2
       4
       5
       3
       3
       2
       2
       2
       8
       5
       5
       2
       4
       5
       5
       1
       3
       1
       3
       4
       6
       6
       4
       6
       6
       3
       3
       3
       5
       4
       1
      10
       6
       1
       4
       7
       4
       7
       2
       6
       1
       5
       2
       1
       4
       8
       6
       7
       3
       5
       2
       8
       2
       7
       5
       6
       4
       4
       2
       3
       6
       3
       4
       1
       5
       1
       2
       4
       2
       4
       2
       3
       0
       1
       3
       2
       2
       5
       8
       6
       4
       6
       6
       3
       5
       1
       6
       5
       3
       5
       2
       1
       2
       1
       0
       7
       5
       2
       2
       4
       1
       1
       3
       2
       2
       6
       4
       1
       1
       7
       1
       2
       3
       3
       4
       3
       5
       1
       3
       7
       3
       3
       6
       1
       4
       6
       2
       2
       2
       2
       4
       6
       6
       6
       5
       4
       3
       3
       5
       0
       4
       6
       4
       1
       3
       2
       3
       3
       3
       4
       2
       2
       0
       2
       1
       0
       3
       0
       4
       3
       2
       3
       1
       1
       2
       0
       5
       3
       5
       4
       5
       4
       2
       6
       5
       0
       3
       1
       4
       2
       2
       3
       5
       2
       2
       1
       1
       4
       4
       2
       3
       2
       4
       4
       4
       5
       5
       2
       6
       1
       1
       1
       3
       5
       3
       3
       5
       2
       4
       3
       1
       5
       5
       4
       5
       3
       3
       1
       5
       7
       3
       4
       1
       2
       4
       3
       9
       2
       5
       4
       4
       5
       1
       2
       3
       0
       3
       3
       8
       5
       5
       4
       2
       2
       7
       3
       8
       3
       2
       5
       5
       9
       6
       6
       1
       4
       8
       3
       3
       0
       5
       6
       3
       2
       5
       2
       1
       8
       3
       3
       6
       2
       4
       2
       4
       2
       2
       2
       4
       4
       3
       6
       6
       4
       2
       3
       5
       4
       3
       2
       4
       3
       1
       4
       1
       2
       4
       4
       5
       3
       3
       2
       4
       4
       2
       3
       3
       4
       4
       3
       2
       3
       1
       2
       3
       5
       4
       2
       6
       5
       1
       3
       3
       3
       3
       2
       3
       5
       4
       1
       3
       2
       4
       4
       0
       2
       6
       5
       5
       2
       6
       2
       3
       2
       4
       1
       4
       5
       1
       1
       3
       1
       8
       0
       4
       4
       3
       2
       1
       5
       3
       1
       5
       0
       6
       3
       4
       0
       2
       5
       1
       4
       3
       3
       1
       5
       3
       1
       6
       3
       1
       3
       3
       2
       3
       3
       6
       1
       4
       1
       5
       2
       4
       2
       6
       2
       2
       3
       0
       4
       0
       1
       3
       2
       3
       5
       3
       3
       3
       3
       4
       4
       2
       2
       4
       3
       5
       3
       5
       0
       2
       3
       1
       2
       4
       2
       0
       2
       3
       2
       1
       4
       0
       1
       2
       1
       1
       2
       4
       3
       4
       3
       3
       2
       2
       0
       3
       5
       4
       4
       4
       3
       0
       1
       1
       3
       3
       3
       3
       4
       2
       4
       4
       0
       3
       2
       1
       5
       1
       3
       2
       2
       1
       0
       3
       5
       3
       3
       2
       3
       2
       1
       0
       4
       4
       0
       2
       2
       0
       1
       1
       3
       0
       2
       3
       0
       1
       0
       2
       2
       1
       3
       2
       3
       0
       3
       3
       2
       1
       2
       1
       1
       1
       2
       2
       0
       0
       0
       1
       0
       0
       3
       3
       3
       1
       2
       2
       3
       2
       4
       2
       2
       0
       1
       2
       1
       1
       0
       4
       1
       5
       3
       1
       1
       3
       3
       3
       2
       4
       1
       2
       0
       0
       1
       2
       3
       1
       2
       2
       1
       3
       0
       0
       2
       0
       0
       1
       4
       1
       0
       0
       2
       1
       1
       1
       0
       0
       1
       0
       0
       1
       2
       1
       0
       1
       3
       1
       2
       3
       3
       0
       2
       2
       1
       1
       0
       3
       5
       1
       0
       2
       1
       1
       2
       0
       2
       1
       1
       0
       2
       1
       1
       0
       3
       1
       2
       1
       2
       2
       1
       2
       0
       2
       2
       3
       2
       2
       2
       0
       0
       1
       2
       1
       2
       3
       3
       1
       3
       1
       1
       2
       1
       3
       2
       1
       2
       2
       0
       2
       0
       1
       1
       1
       0
       2
       0
       1
       1
       3
       2
       1
       1
       0
       0
       1
       1
       2
       1
       1
       1
       1
       1
       2
       1
       1
       1
       2
       0
       2
       0
       1
       0
       0
       1
       1
       3
       2
       2
       1
       1
       1
       2
       0
       2
       1
       0
       2
       2
       1
       1
       1
       1
       4
       0
       1
       0
       2
       0
       0
       0
       0
       1
       1
       0
       1
       0
       1
       3
       3
       0
       0
       0
       2
       2
       0
       1
       4
       0
       1
       2
       1
       0
       2
       0
       1
       1
       2
       1
       1
       2
       1
       2
       0
       1
       1
       2
       4
       2
       2
       2
       0
       1
       0
       1
       0
       1
       0
       1
       0
       0
       2
       1
       1
       0
       0
       1
       1
       0
       3
       1
       2
       2
       1
       2
       1
       0
       1
       0
       0
       2
       0
       2
       3
       0
       0
       0
       2
       2
       1
       2
       0
       2
       0
       1
       0
       1
       0
       0
       1
       0
       1
       0
       0
       0
       2
       1
       2
       1
       1
       1
       2
       2
       2
       0
       3
       2
       1
       2
       2
       3
       2
       0
       0
       0
       1
       0
       1
       2
       1
       0
       1
       1
       0
       1
       0
       1
       1
       1
       0
       3
       1
       0
       1
       1
       2
       1
       2
       2
       3
       0
       2
       2
       1
       2
       1
       1
       2
       2
       2
       2
       1
       0
       1
       1
       1
       1
       0
       0
       2
       2
       1
       0
       1
       0
       0
       1
       1
       1
       0
       1
       3
       1
       1
       1
       0
       2
       3
       3
       1
       2
       3
       0
       1
       0
       0
       1
       3
       2
       2
       3
       2
       0
       3
       0
       1
       2
       3
       1
       2
       1
       3
       0
       2
       3
       1
       1
       1
       0
       0
       2
       2
       1
       0
       1
       0
       0
       3
       2
       0
       1
       2
       1
       1
       1
       0
       0
       1
       2
       1
       2
       1
       0
       2
       2
       1
       1
       2
       0
       1
       3
       0
       3
       1
       2
       3
       1
       1
       1
       2
       1
       2
       2
       0
       1
       1
       1
       2
       0
       3
       0
       3
       0
       0
       6
       1
       2
       2
       1
       2
       0
       1
       0
       1
       1
       2
       3
       0
       0
       1
       2
       0
       0
       1
       0
       1
       3
       0
       1
       2
       2
       1
       1
       0
       1
       1
       1
       2
       0
       2
       0
       1
       0
       0
       2
       0
       2
       0
       1
       3
       0
       0
       0
       1
       2
       2
       1
       0
       0
       2
       1
       3
       1
       0
       0
       4
       1
       0
       2
       0
       1
       0
       1
       0
       0
       2
       0
       0
       1
       2
       2
       0
       0
       1
       0
       3
       0
       3
       2
       3
       2
       2
       2
       1
       3
       0
       2
       1
       0
       0
       2
       0
       1
       0
       0
       0
       3
       1
       4
       1
       1
       3
       0
       1
       1
       0
       3
       0
       0
       2
       0
       0
       0
       1
       3
       1
       0
       0
       2
       1
       0
       0
       1
       0
       0
       1
       0
       2
       4
       1
       0
       1
       1
       1
       1
       1
       0
       1
       0
       0
       3
       1
       0
       1
       0
       0
       2
       2
       2
       1
       0
       0
       1
       1
       1
       4
       3
       4
       2
       0
       1
       1
       1
       0
       2
       0
       0
       0
       1
       1
       0
       1
       0
       2
       0
       1
       0
       0
       2
       2
       0
       1
       2
       1
       1
       1
       1
       1
       2
       1
       1
       2
       3
       1
       3
       1
       1
       0
       1
       1
       1
       0
       0
       0
       0
       0
       0
       1
       1
       3
       1
       0
       0
       4
       0
       3
       1
       1
       1
       2
       0
       1
       2
       0
       1
       1
       1
       2
       0
       1
       0
       0
       0
       1
       2
       1
       1
       0
       1
       1
       1
       1
       0
       0
       0
       0
       2
       0
       1
       0
       2
       0
       3
       0
       0
       1
       1
       1
       1
       2
       0
       1
       0
       3
       0
       0
       1
       0
       0
       1
       2
       1
       2
       1
       0
       1
       0
       0
       0
       1
       2
       0
       1
       1
       0
       0
       1
       1
       1
       2
       3
       1
       0
       2
       1
       0
       2
       2
       0
       0
       0
       2
       0
       1
       4
       1
       0
       2
       1
       2
       1
       0
       0
       2
       0
       0
       0
       0
       1
       0
       0
       0
       0
       1
       1
       0
       0
       1
       2
       1
       0
       0
       1
       0
       0
       1
       0
       0
       1
       1
       1
       1
       1
       1
       0
       2
       1
       1
       1
       0
       1
       0
       0
       1
       0
       0
       0
       0
       0
       0
       1
       0
       1
       0
       1
       1
       0
       2
       0
       1
       2
       0
       1
       1
       2
       0
       0
       0
       0
       0
       0
       3
       0
       1
       1
       1
       0
       0
       3
       0
       0
       0
       2
       0
       0
       0
       0
       1
       1
       0
       0
       0
       0
       0
       1
       0
       3
       0
       0
       1
       1
       0
       0
       1
       0
       1
       1
       0
       1
       0
       0
       1
       1
       0
       0
       1
       1
       0
       0
       1
       0
       0
       1
       2
       1
       0
       2
       2
       0
       1
       1
       0
       0
       1
       0
       3
       0
       2
       0
       0
       3
       1
       2
       0
       0
       1
       0
       1
       0
       1
       1
       2
       1
       3
       1
       1
       1
       2
       1
       1
       3
       0
       0
       1
       0
       1
       1
       1
       2
       0
       1
       2
       1
       5
       0
       1
       1
       1
       0
       0
       0
       1
       0
       0
       2
       2
       0
       1
       0
       1
       3
       3
       1
       0
       0
       2
       3
       0
       2
       0
       2
       3
       0
       1
       0
       1
       1
       2
       3
       1
       1
       0
       2
       1
       1
       2
       1
       0
       4
       3
       1
       0
       2
       1
       1
       2
       2
       0
       2
       0
       3
       1
       1
       2
       0
       1
       0
       1
       0
       1
       0
       0
       0
       1
       1
       3
       2
       3
       0
       3
       1
       2
       0
       3
       2
       2
       0
       1
       3
       4
       2
       1
       3
       2
       1
       2
       0
       1
       4
       1
       1
       2
       1
       1
       0
       4
       0
       2
       0
       2
       1
       0
       1
       1
       2
       0
       1
       3
       3
       1
       0
       1
       0
       3
       2
       1
       3
       0
       2
       3
       0
       4
       3
       0
       1
       1
       2
       0
       1
       1
       1
       2
       3
       2
       0
       2
       4
       3
       1
       2
       0
       4
       3
       2
       0
       1
       0
       0
       2
       1
       3
       3
       6
       1
       2
       0
       1
       1
       2
       1
       0
       3
       0
       1
       1
       0
       0
       0
       0
       3
       2
       3
       0
       0
       2
       1
       1
       2
       2
       2
       1
       1
       1
       2
       3
       1
       0
       3
       1
       2
       0
       4
       0
       0
       1
       2
       5
       0
       1
       3
       0
       2
       0
       1
       0
       1
       1
       0
       1
       2
       1
       1
       0
       1
       1
       5
       2
       0
       4
       1
       4
       0
       3
       4
       1
       2
       2
       2
       2
       0
       2
       1
       0
       2
       1
       4
       2
       0
       3
       4
       0
       3
       0
       4
       2
       2
       1
       5
       1
       3
       1
       2
       2
       2
       1
       1
       3
       1
       2
       1
       0
       0
       0
       2
       2
       1
       3
       3
       4
       2
       2
       2
       1
       0
       3
       3
       1
       4
       2
       0
       4
       2
       2
       2
       5
       3
       2
       3
       3
       2
       3
       2
       3
       4
       0
       9
       3
       3
       6
       5
       5
       4
       3
       6
       7
       3
       3
       1
       6
       4
       5
       4
       3
       4
       5
       2
       4
       1
       3
       1
       3
       2
       0
       5
       4
       4
       2
       0
       3
       3
       1
       1
       3
       2
       0
       5
       2
       0
       1
       1
       1
       0
       1
       0
       2
       2
       2
       1
       1
       2
       4
       3
       1
       3
       0
       4
       2
       2
       0
       1
       1
       2
       1
       0
       0
       1
       0
       2
       1
       1
       2
       0
       1
       0
       1
       0
       0
       1
       0
       0
       0
       2
       0
       0
       2
       1
       3
       1
       0
       0
       0
       3
       2
       1
       2
       0
       0
       0
       0
       0
       0
       0
       0
       2
       0
       0
       0
       1
       1
       1
       1
       1
       0
       0
       1
       1
       0
       1
       1
       0
       3
       0
       1
       3
       0
       0
       0
       1
       0
       6
       0
       1
       0
       2
       0
       3
       0
       1
       1
       0
       1
       1
       0
       0
       2
       0
       1
       0
       1
       0
       0
       0
       1
       4
       0
       2
       0
       0
       0
       0
       0
       2
       4
       0
       1
       0
       0
       2
       1
       0
       0
       0
       4
       2
       1
       0
       1
       0
       1
       1
       1
       2
       0
       1
       1
       0
       0
       1
       1
       1
       1
       0
       0
       1
       1
       0
       0
       1
       0
       0
       0
       1
       0
       1
       0
       0
       0
       0
       0
       0
       0
       1
       0
       0
       1
       1
       0
       0
       0
       0
       0
       1
       0
       0
       0
       0
       0
       2
       1
       1
       0
       1
       1
       2
       2
       1
       0
       0
       1
       0
       0
       0
       0
       2
       0
       0
       0
       0
       0
       0
       1
       0
       1
       0
       0
       0
       0
       0
       0
       0
       0
       1
       0
       0
       1
       1
       1
       1
       1
       1
       0
       0
       0
       0
       0
       1
       2
       1
       0
       0
       1
       2
       0
       0
       1
       0
       0
       0
       0
       0
       0
       0
       1
       1
       0
       0
       0
       1
       1
       1
       3
       0
       0
       0
       0
       0
       0
       2
       1
       0
       0
       0
       1
       0
       1
       1
       0
       0
       0
       0
       1
       0
       1
       0
       0
       1
       0
       3
       1
       2
       1
       0
       1
       0
       1
       1
       0
       0
       0
       1
       1
       2
       0
       0
       0
       0
       2
       0
       1
       0
       0
       2
       0
       0
       1
       1
       1
       0
       1
       1
       1
       1
       1
       0
       0
       1
       0
       3
       0
       0
       1
       2
       3
       3
       0
       0
       1
       3
       0
       0
       2
       1
       0
       3
       1
       0
       2
       0
       1
       1
       2
       0
       0
       0
       0
       2
       0
       0
       0
       0
       0
       1
       1
       4
       2
       1
       1
       0
       0
       1
       0
       0
       0
       0
       0
       1
       0
       0
       1
       0
       0
       0
       0
       0
       0
       0
       0
       0
       0
       0
       0
       2
       0
       0
       1
       0
       0
       1
       2
       1
       0
       2
       0
       1
       1
       0
       0
       0
       1
       0
       0
       0
       0
       0
       0
       0
       0
       0
       0
       3
       2
       0
       2
       1
       0
       1
       0
       0
       4
       4
       0
       2
       0
       0
       3
       2
       1
       4
       2
       6
       2
       3
       3
       2
       1
       0
       3
       0
       0
       1
       2
       1
       0
       1
       0
       0
       0
       0
       0
       0
       0
       1
       0
       0
       0
       0
       0
       0
       0
       0
       1
       0
       1
       0
       0
       1
       1
       0
       1
       0
       0
       0
       0
       0
       0
       0
       0
       0
       0
       1
       0
       0
       0
       0
       0
       1
       0
       0
       0
       0
       0
       0
       1
       0
       2
       0
       0
       0
       1
       1
       2
       0
       2
       0
       0
       1
       0
       0
       0
       0
       0
       0
       0
       1
       0
       2
       1
       1
       0
       0
       1
       0
       1
       0
       1
       0
       1
       2
       0
       1
       2
       0
       1
       0
       1
       1
       0
       0
       2
       0
       1
       3
       0
       2
       2
       3
       3
       4
       1
       2
       4
       5
       8
      26
      68
      15
       5
      10
      10
       2
       2
       1
       2
       0
       0
       0
       0
       0
       1
       0
       0
       2
       0
       0
       0
       0
       0
       0
       0
       0
       0
       0
       0
       0
       0
       0
       0
       0
       0
       0
       0
       0
       0
       0
       0
       0
       0
       0
       0
       0
       0
       0
       0
       0
       0
       0
       0
       0
       0
       0
       0
       0
       0
       0
       0
       0
       0
       0
       0
       0
       0
       0
       0
       0
       0
       0
       0
       0
       0
       0
       0
       0
       0
       0
       0
       0
       0
       0
       0
       0
       0
       0
       0
       0
       0
       0
       0
       0
       0
       0
       0
       0
       0
       0
       0
       0
       0
       0
       0
       0
       0
       0
       0
       0
       0
       0
       0
       0
       0
       0
       0
       0
       0
       0
       0
       0
       0
       0
       0
       0
       0
       0
       0
       0
       0
       0
       0
       0
       0
       0
       0
       0
       0
       0
       0
       0
       0
       0
       0
       0
       0
       0
       0
       0
       0
       0
       0
       0
       0
       0
       0
       0
       0
       0
       0
       0
       0
       0
       0
       0
       0
       0
       0
       0
       0
       0
       0
       0
       0
       0
       0
       0
       0
       0
       0
       0
       0
       0
       0
       0
       0
       0
       0
       0
       0
       0
       0
       0
       0
       0
       0
       0
       0
       0
       0
       0
       0
       0
       0
       0
       0
       0
       0
       0
       0
       0
       0
       0
       0
       0
       0
       0
       0
       0
       0
       0
       0
       0
       0
       0
       0
       0
       0
       0
       0
       0
       0
       0
       0
       0
       0
       0
       0
       0
       0
       0
       0
       0
       0
       0
       0
       0
       0
       0
       0
       0
       0
       0
       0
       0
       0
       0
       0
       0
       0
       0
       0
       0
       0
       0
       0
       0
       0
       0
       0
       0
       0
       0
       0
       0
       0
       0
       0
       0
       0
       0
       0
       0
       0
       0
       0
       0
       0
       0
       0
       0
       0
       0
       0
       0
       0
       0
       0
       0
       0
       0
       0
       0
       0
       0
       0
       0
       0
       0
       0
       0
       0
       0
       0
       0
       0
       0
       0
       0
       0
       0
       0
       0
       0
       0
       0
       0
       0
       0
       0
       0
       0
       0
       0
       0
       0
       0
       0
       0
       0
       0
       0
       0
       0
       0
       0
       0
       0
       0
       0
       0
       0
       0
       0
       0
       0
       0
       0
       0
       0
       0
       0
       0
       0
       0
       0
       0
       0
       0
       0
       0
       0
       0
       0
       0
       0
       0
       0
       0
       0
       0
       0
       0
       0
       0
       0
       0
       0
       0
       0
       0
       0
       0
       0
       0
       0
       0
       0
       0
       0
       0
       0
       0
       0
       0
       0
       0
       0
       0
       0
       0
       0
       0
       0
       0
       0
       0
       0
       0
       0
       0
       0
       0
       0
       0
       0
       0
       0
       0
       0
       0
       0
       0
       0
       0
       0
       0
       0
       0
       0
       0
       0
       0
       0
       0
       0
       0
       0
       0
       0
       0
       0
       0
       0
       0
       0
       0
       0
       0
       0
       0
       0
       0
       0
       0
       0
       0
       0
       0
       0
       0
       0
       0
       0
       0
       0
       0
       0
       0
       0
       0
       0
       0
       0
       0
       0
       0
       0
       0
       0
       0
       0
       0
       0
       0
       0
       0
       0
       0
       0
       0
       0
       0
       0
       0
       0
       0
       0
       0
       0
       0
       0
       0
       0
       0
       0
       0
       0
       0
       0
       0
       0
       0
       0
       0
       0
       0
       0
       0
       0
       0
       0
       0
       0
       0
       0
       0
       0
       0
       0
       0
       0
       0
       0
       0
       0
       0
       0
       0
       0
       0
       0
       0
       0
       0
       0
       0
       0
       0
       0
       0
       0
       0
       0
       0
       0
       0
       0
       0
       0
       0
       0
       0
       0
       0
       0
       0
       0
       0
       0
       0
       0
       0
       0
       0
       0
       0
       0
       0
       0
       0
       0
       0
       0
       0
       0
       0
       0
       0
       0
       0
       0
       0
       0
       0
       0
       0
       0
       0
       0
       0
       0
       0
       0
       0
       0
       0
       0
       0
       0
       0
       0
       0
       0
       0
       0
       0
       0
       0
       0
       0
       0
       0
       0
       0
       0
       0
       0
       0
       0
       0
       0
       0
       0
       0
       0
       0
       0
       0
$ROI:
0
$PRESETS:
Real Time
600
0
$ENER_FIT:
-14.559913 0.471242
$MCA_CAL:
3
-1.455991E+001 4.712425E-001 0.000000E+000 keV
$SHAPE_CAL:
3
1.284168E+002 -2.797580E-002 0.000000E+000
