$SPEC_ID:
Pulser
$SPEC_REM:
DET# 2
DETDESC# NUCLEAR-PC MCB 129 Input 2
AP# Maestro Version 6.08
$DATE_MEA:
02/05/2021 10:54:02
$MEAS_TIM:
284 300
$DATA:
0 4095
       0
       0
       0
       0
       0
       0
       0
       0
       0
       0
       0
       0
       0
       0
       0
       0
       0
       0
       0
       0
       0
       0
       0
       0
       0
       0
       0
       0
       0
       0
       0
       0
       0
       0
       0
       0
       0
       0
       0
       0
       0
       0
       0
       0
       0
       0
       0
      13
     113
     114
     125
     120
      95
     123
     109
     118
     127
     108
     125
     138
     127
     105
     120
     140
     118
     125
     132
     116
     122
     127
     126
     111
     120
     145
     119
     127
     122
     138
     114
     113
     126
     117
     118
     121
     122
     107
     124
     130
     125
     135
     130
     136
     124
     121
     123
     139
     138
      99
     130
     123
     129
     134
     115
     143
     108
     139
     122
     105
     128
     140
     137
     142
     148
     136
     121
     132
     128
     154
     143
     137
     159
     136
     135
     153
     135
     169
     136
     128
     149
     146
     169
     128
     135
     140
     133
     148
     141
     140
     135
     142
     150
     137
     138
     162
     159
     151
     167
     142
     165
     166
     192
     179
     175
     147
     154
     172
     170
     158
     189
     198
     184
     183
     184
     162
     158
     164
     166
     174
     175
     204
     157
     175
     178
     188
     200
     186
     194
     195
     174
     196
     192
     190
     193
     196
     227
     181
     210
     199
     231
     205
     182
     220
     203
     215
     200
     188
     201
     225
     201
     231
     215
     171
     242
     223
     228
     199
     201
     233
     224
     201
     214
     224
     230
     213
     236
     205
     215
     207
     195
     192
     228
     217
     223
     247
     210
     220
     213
     232
     214
     228
     225
     203
     220
     241
     224
     209
     250
     226
     235
     223
     213
     228
     225
     250
     216
     222
     200
     210
     222
     210
     239
     238
     199
     235
     219
     203
     212
     209
     205
     230
     248
     238
     227
     225
     227
     232
     252
     215
     232
     226
     206
     229
     245
     211
     215
     213
     224
     206
     213
     208
     228
     225
     209
     242
     237
     211
     220
     219
     237
     228
     211
     214
     209
     232
     240
     226
     224
     216
     237
     250
     222
     255
     220
     219
     251
     217
     265
     233
     223
     235
     207
     250
     222
     215
     244
     228
     235
     224
     232
     222
     223
     224
     229
     216
     224
     245
     211
     252
     232
     243
     235
     229
     214
     224
     215
     202
     201
     229
     224
     229
     241
     226
     229
     249
     221
     228
     199
     219
     197
     185
     226
     218
     226
     211
     232
     230
     237
     220
     198
     231
     214
     214
     219
     223
     254
     195
     218
     203
     219
     251
     211
     218
     204
     208
     201
     250
     208
     197
     230
     210
     214
     198
     240
     218
     242
     207
     224
     232
     195
     211
     228
     215
     215
     218
     219
     225
     213
     201
     220
     245
     250
     193
     209
     212
     215
     210
     192
     214
     221
     215
     197
     200
     233
     204
     225
     208
     228
     231
     217
     237
     183
     207
     219
     237
     213
     193
     215
     218
     243
     232
     225
     248
     222
     246
     238
     220
     239
     261
     232
     249
     236
     225
     246
     288
     246
     253
     243
     266
     254
     270
     273
     271
     266
     270
     272
     263
     248
     292
     250
     285
     254
     266
     280
     293
     298
     314
     309
     280
     287
     295
     278
     255
     286
     267
     261
     287
     277
     295
     291
     307
     315
     294
     292
     304
     297
     300
     267
     284
     297
     295
     273
     291
     286
     273
     314
     336
     286
     323
     303
     343
     297
     286
     280
     308
     288
     306
     255
     301
     286
     295
     288
     294
     303
     258
     294
     289
     270
     285
     263
     269
     249
     275
     281
     259
     272
     261
     273
     266
     255
     291
     280
     280
     271
     277
     280
     253
     261
     241
     247
     257
     247
     227
     244
     249
     259
     243
     220
     252
     221
     225
     257
     243
     247
     229
     245
     230
     237
     254
     205
     214
     197
     210
     220
     214
     233
     216
     208
     228
     210
     223
     229
     244
     232
     227
     208
     207
     196
     221
     198
     217
     201
     194
     215
     199
     216
     205
     199
     206
     179
     204
     186
     195
     203
     209
     188
     199
     188
     194
     183
     182
     227
     195
     172
     157
     175
     176
     190
     187
     206
     183
     171
     180
     188
     166
     169
     158
     166
     165
     173
     183
     189
     178
     194
     161
     172
     143
     149
     170
     171
     179
     154
     145
     164
     157
     162
     184
     170
     159
     157
     174
     158
     169
     153
     195
     175
     158
     163
     155
     136
     139
     134
     178
     156
     169
     147
     153
     136
     149
     172
     162
     172
     145
     164
     171
     123
     138
     156
     155
     148
     148
     154
     150
     135
     156
     153
     147
     148
     146
     135
     144
     121
     159
     137
     151
     144
     140
     140
     159
     131
     142
     129
     140
     141
     126
     130
     147
     128
     123
     148
     111
     132
     123
     134
     140
     121
     125
     130
     131
     135
     140
     128
     141
     123
     127
     126
     122
     127
     122
     132
     114
     124
     153
     139
     118
     121
     121
     129
     128
     137
     115
     123
     145
     139
     119
     119
     122
     127
     103
     121
     136
     125
     138
     125
     121
     122
     133
     102
     114
     149
     126
     119
     131
     123
     120
     117
     136
      96
     133
     123
     112
     119
     108
     129
     105
     112
     150
     118
     127
     124
     131
     113
     119
     119
     117
     107
     117
     103
      97
     111
     118
     134
     111
      98
     117
     134
     108
     110
     119
     120
     123
     119
     104
     110
     107
     129
     123
      98
     118
      99
     110
     103
     108
      94
     117
     114
     117
     117
     118
     123
     113
     105
     111
     104
      94
     110
     108
     128
     110
     113
     103
     114
     109
     109
      94
     115
     103
      96
      86
     119
     100
     115
     103
     108
     127
     103
     105
     139
      89
     100
     130
      88
     118
      81
     114
      90
     112
     107
     111
     110
     106
      97
      92
     117
      99
      86
     109
     103
     105
      92
      90
     108
     116
      98
      96
     102
     102
     102
      80
     110
     100
      92
      88
      96
     102
     103
     107
     103
      81
     100
      87
     101
     106
      79
     104
     100
      89
     113
      94
     107
      84
      85
      82
     104
      79
     105
     100
      84
     100
      98
     116
      89
      95
     113
     110
      88
     102
      87
      80
      97
      92
     103
      99
      93
      95
      92
     104
      99
      91
     107
     103
     114
      95
      98
      95
     110
      81
      88
     113
     104
      99
      99
      99
      83
      77
      94
      92
      89
      89
      93
      98
      95
      78
      93
      96
     110
      98
     110
      82
      97
      88
      98
      95
      85
      99
      87
      95
      89
      86
      85
      95
      91
      93
      91
      86
      96
     103
     116
      97
      88
      97
      76
      91
      96
      96
      92
      88
     110
     100
      93
      99
      91
      96
     103
     101
      96
      75
      94
     107
      87
     118
      88
     113
      97
     107
      90
     115
      97
      92
      85
      70
     124
     100
      94
      94
     123
      87
     102
     106
     104
      72
      94
     102
      82
      88
      99
      91
      96
     105
     100
     108
      99
      98
     117
     108
     106
     103
      98
     101
      99
      81
      82
      97
      92
      96
      90
      82
      89
      85
     117
      99
      82
     100
      94
     100
      85
      98
      85
      83
      71
      76
      96
      98
     113
      86
      85
      74
      99
      94
      88
      76
      86
      98
      95
      75
     101
      91
      92
     105
      93
      96
     102
      99
      80
     107
     109
      80
      88
     101
      97
      85
     103
      97
     101
      95
      99
     106
      91
     101
      93
     100
     105
     100
     127
      97
      99
      93
      90
      96
      87
     114
      91
      88
     103
      87
     107
      86
      84
      87
     107
      81
      72
      92
      89
      92
     106
     103
      90
      99
      95
      85
      91
      95
      80
      95
      93
      99
      70
      95
     105
      91
      82
      74
      97
      73
      97
      84
      95
     100
     110
      90
      86
     120
      80
      95
      69
      83
     102
      84
      89
      69
     111
      73
      97
     102
     103
     102
     105
     105
      94
     101
      83
      95
      85
      93
      90
      64
      77
      89
      83
      93
      95
     100
      96
      92
      93
      90
      97
      91
      90
      84
      96
      96
      95
      70
      77
     104
      90
      79
      88
      76
     103
      93
      88
      92
      90
      96
      98
     113
      87
      91
      95
     101
      95
      79
      91
     101
      91
      81
      79
     100
      88
      86
      94
      99
      99
      81
      75
      92
      77
      92
      85
      86
      99
      78
      79
     110
      90
     101
      98
      92
      90
      98
      91
      76
      87
      82
      89
     113
     110
     126
      77
      68
      78
      76
      95
      93
     104
      81
      95
      86
     110
      84
      97
      81
      87
      77
      82
      91
     107
      90
      94
      80
      68
      75
     105
      81
      91
      85
     109
      90
     112
      80
      91
      89
      79
      92
      96
      86
      93
      93
      89
      93
     100
      69
      78
      73
     105
      96
      85
      79
      83
      78
      93
      92
      80
     100
      96
      77
      88
      70
      99
      91
     104
      90
      91
      86
      80
      86
     109
      81
     100
      87
      90
      99
      87
      88
      92
      92
      84
      79
      87
      83
      87
      77
      79
     101
     103
      80
      93
      91
     100
      87
      80
      98
      94
      91
      91
      99
      73
      98
      82
      97
      82
      95
      77
      92
      92
     102
      86
      83
     106
      95
     100
      91
      95
      85
     103
      77
      90
      74
      76
      93
      85
      91
      88
      95
     101
      95
      85
      85
      78
      80
      80
     111
      86
      91
      87
      83
      98
      85
      95
      89
      84
      89
      99
      88
     110
      75
      88
      81
      95
      92
      94
      86
      97
     102
      92
      78
      99
      82
      97
      84
      88
     102
     115
      90
      88
      94
      93
     100
      97
     103
      87
      82
     102
      84
      94
      97
      84
      80
      81
      93
     101
     110
      84
      95
     100
      85
      94
      86
      99
      96
      94
     107
      85
      79
      87
      98
      85
      87
     103
      80
      81
     106
      79
      81
      88
      97
      94
      90
      93
      96
      96
      87
      93
      69
     117
     103
      86
      82
      93
      98
      75
      92
      77
      81
     105
      78
     110
      97
      98
      96
      99
      99
     108
      80
      95
      95
     105
      94
      90
      95
      68
      67
      88
      92
     102
      99
      82
      93
     102
      82
      95
     100
      98
     100
     114
      99
      96
      97
      95
      89
      81
     111
      86
      97
      93
      77
      84
      87
      76
      93
      95
      97
      73
     104
      98
      96
      83
      82
      88
      87
     117
     107
      84
      85
      94
      99
     111
      92
      99
      91
      92
      83
      90
     113
      97
     108
      95
      97
      87
     106
     102
      89
      97
      95
     104
     100
      84
      89
     114
      99
      95
      85
      85
      86
      79
      95
     101
      92
      94
      85
      82
      93
      94
     105
      84
      97
     100
      97
      93
     100
      99
     112
      88
      75
      83
      97
      83
     102
      91
      85
     104
      88
      94
     105
      83
      90
     101
      85
      84
      95
      88
      90
      85
      84
      94
      85
     106
      97
      89
      82
     109
     106
     106
      84
      77
     103
      88
      91
      83
     103
      88
      94
      94
      94
      91
      98
     100
      85
     101
      91
      91
      99
      94
     108
      93
      82
      81
      82
      69
     108
      75
      97
     104
      83
      83
     100
     102
     101
     110
      98
     101
      93
      94
      92
      91
     104
      83
      94
      98
     109
      98
      88
      81
      91
      91
      87
      89
     110
      86
      90
      86
      94
      85
      89
     100
     120
      86
      87
      95
      96
      91
     100
      74
     101
     107
      86
     108
      91
      81
     100
     111
      90
      89
      87
      98
     112
     107
      93
      84
      82
      85
      86
      97
      87
     102
      88
      84
      97
     101
     106
      96
     110
      91
      91
      99
     102
      89
      92
      96
      79
     107
      94
      95
      95
      99
      85
      98
      89
      94
      97
      96
     106
      96
      91
      90
      85
      98
     118
     102
      97
     100
     100
      88
      90
     105
     118
      97
     109
     103
      73
      91
     117
     100
     105
      92
     114
     110
      91
     101
      98
      91
     109
      86
     120
     104
     116
      91
     111
     109
      97
     100
      95
     109
      95
     113
      91
     108
     107
     113
     113
     110
      73
     105
     101
     119
     105
      97
     103
     113
      98
      90
      97
     110
      92
     114
     108
      94
     101
     107
     102
     118
      97
      91
     101
     112
      97
     104
     104
      99
      99
      77
     100
     118
     119
     126
     104
     110
      82
     103
      93
      98
      97
      94
     119
     110
     108
     109
      94
     114
     113
      94
     102
     108
     101
     102
     106
      91
     120
     114
     108
     114
     121
      97
     111
      98
     104
      99
     116
     115
      92
     114
     108
     110
     103
     103
     113
      87
      89
     115
     104
     107
     106
     101
      97
     117
     111
      88
     126
     101
     128
     123
      98
      98
     104
     102
      82
     115
     107
     111
     103
     105
     102
     111
     101
     105
     103
     101
      83
     106
     125
     109
     126
     122
     106
     115
     108
     100
     105
     105
     111
     103
     114
     111
      97
     116
     119
     100
     114
     126
     120
     120
      93
     114
     103
     120
      97
     112
     104
     109
     112
     117
     100
      98
     122
     114
     108
     102
     114
      96
     114
     116
     114
     111
     138
     107
     115
     124
     104
     103
      91
     109
     115
     116
     112
     102
     108
      99
     105
      84
     110
     114
     102
     109
     126
     102
     116
     113
     116
     108
     113
     122
     132
     143
     107
     117
      95
     121
     111
      95
     115
      93
     123
     106
     108
     127
     113
     123
     119
     131
     110
      98
     127
     130
     117
     117
     116
      98
      92
     104
     118
     110
     110
     119
     108
     114
     116
     108
     128
      89
     120
     122
     105
     118
     114
     109
     126
     109
     106
     120
      92
      98
      83
     111
     119
     120
     119
     108
     110
     103
     111
     107
     112
      96
     104
     116
     117
     107
     109
     106
     123
     100
     112
     114
      91
     113
     120
     111
     106
     113
     123
     121
      98
     110
     136
     106
     112
      88
     117
     120
     125
     117
     118
     127
     112
     112
      92
     109
     107
     104
     115
      93
     131
     111
     110
      97
     102
     109
     111
     104
     112
     108
     110
     117
      85
     116
     111
     129
     135
     118
     105
      98
     124
      88
     109
      96
     116
     108
      97
      98
      97
      75
     103
      98
     112
     102
     109
      97
      93
     106
     101
     104
     102
      80
      76
     111
      93
      87
     103
     101
     110
     105
     103
      97
     102
      85
     101
      90
      94
     111
      99
     103
     106
      95
     108
     101
      98
      91
      96
      98
     103
      75
      93
      98
      83
     104
     101
      90
     105
      99
      88
      97
      79
      87
      83
     108
      96
      78
      94
      87
      99
      97
      83
      77
      98
      89
      76
      97
      97
      85
      77
      76
      99
      79
      90
      92
      67
      92
      83
      82
      76
      86
      82
      82
      83
      81
      92
      86
      88
      94
      88
     100
      78
      82
      90
      72
      77
      81
      76
      72
      79
      82
      81
      78
      84
      80
      85
      78
      73
      76
      86
      76
      76
      78
      76
      74
      83
      95
      78
      97
      70
      77
      76
      64
      57
      78
      79
      89
      67
      70
      82
      81
      68
      76
      81
      84
      69
      81
      73
      91
      63
      70
      82
      68
      91
      65
      87
      74
      81
      70
      75
      70
      76
      72
      77
      75
      69
      79
      68
      76
      58
      77
      74
      75
      91
      67
      73
      70
      72
      58
      76
      75
      52
      67
      74
      77
      79
      67
      65
      73
      64
      70
      58
      75
      83
      65
      76
      75
      69
      67
      72
      71
      62
      56
      59
      68
      68
      57
      76
      76
      80
      80
      66
      68
      55
      57
      82
      61
      71
      75
      66
      65
      58
      74
      77
      57
      69
      82
      80
      72
      74
      55
      69
      62
      75
      61
      56
      72
      53
      74
      74
      60
      83
      68
      56
      74
      83
      56
      59
      70
      65
      58
      62
      71
      61
      65
      66
      76
      42
      85
      64
      66
      57
      65
      64
      69
      71
      64
      71
      59
      83
      73
      60
      76
      73
      58
      66
      53
      66
      72
      76
      80
      68
      68
      54
      61
      65
      64
      57
      69
      95
      54
      57
      60
      77
      78
      65
      75
      65
      64
      61
      74
      63
      56
      66
      60
      65
      69
      59
      61
      65
      69
      68
      52
      53
      59
      44
      60
      53
      66
      69
      67
      63
      72
      56
      74
      68
      61
      58
      61
      48
      67
      61
      54
      69
      53
      74
      57
      62
      60
      53
      62
      61
      63
      51
      51
      66
      59
      68
      75
      52
      64
      50
      68
      64
      75
      52
      51
      63
      57
      57
      69
      63
      67
      52
      55
      83
      63
      52
      40
      69
      74
      62
      63
      61
      72
      65
      52
      51
      59
      59
      52
      48
      53
      54
      70
      56
      55
      65
      56
      64
      34
      48
      55
      55
      52
      65
      54
      57
      53
      61
      56
      61
      63
      57
      61
      60
      48
      66
      73
      52
      52
      49
      59
      68
      64
      66
      47
      50
      58
      57
      48
      43
      64
      55
      65
      43
      64
      59
      53
      65
      66
      59
      63
      62
      77
      49
      73
      81
      62
      78
      57
      68
      70
      84
      72
      88
      70
      79
      82
      77
      79
      66
      89
      57
      76
      71
      96
      77
      94
      83
      96
      87
      88
      92
      78
      81
     109
     100
      89
      86
      77
      86
      97
      97
     106
      91
     109
     110
     110
     118
     129
     114
     106
     124
     114
     123
     117
     129
     155
     134
     114
     154
     136
     135
     166
     154
     136
     167
     181
     165
     156
     180
     140
     159
     197
     150
     178
     224
     191
     215
     198
     201
     237
     177
     214
     220
     212
     244
     264
     239
     236
     235
     232
     262
     252
     260
     258
     284
     254
     310
     305
     320
     288
     323
     337
     324
     310
     356
     347
     320
     361
     351
     372
     375
     342
     364
     393
     372
     401
     381
     416
     384
     431
     408
     393
     408
     450
     452
     425
     469
     455
     442
     499
     426
     442
     434
     460
     477
     456
     484
     486
     445
     461
     451
     467
     469
     495
     431
     461
     475
     437
     485
     434
     444
     430
     432
     438
     428
     418
     437
     397
     425
     408
     407
     399
     408
     420
     405
     355
     343
     339
     331
     319
     329
     330
     289
     261
     297
     296
     246
     255
     248
     272
     227
     220
     225
     191
     206
     187
     194
     193
     147
     168
     165
     148
     126
     146
     150
     147
     119
      99
     104
     114
     103
     117
      79
     109
      98
      91
      88
      99
     104
      70
     115
     103
     106
      91
     104
     105
     122
     124
     112
     125
     113
     148
     133
     148
     147
     162
     146
     186
     190
     207
     235
     222
     259
     261
     272
     291
     304
     304
     287
     356
     381
     399
     329
     398
     385
     438
     465
     446
     487
     466
     505
     542
     531
     534
     554
     592
     536
     578
     588
     577
     617
     617
     661
     656
     670
     656
     606
     664
     657
     657
     678
     665
     645
     597
     626
     642
     592
     642
     590
     570
     577
     554
     545
     543
     506
     498
     472
     436
     434
     408
     437
     425
     377
     352
     323
     303
     327
     306
     285
     226
     248
     222
     207
     198
     201
     176
     166
     166
     136
     129
     145
     130
     102
      92
      93
      83
      91
      74
      71
      62
      53
      51
      55
      52
      47
      51
      34
      34
      32
      24
      31
      34
      19
      27
      18
      18
      15
      19
      12
      17
      17
      10
      25
      20
      10
      13
      17
      11
       7
      10
      12
      10
      10
       3
      10
       8
       7
      12
       8
       9
       9
       7
       6
       5
      10
       7
       6
       8
       9
      11
      10
       8
      10
      10
       5
       8
       7
      10
      11
      12
       7
      13
       6
       9
       7
       9
      11
       9
       7
      10
       4
      13
      10
      12
       8
       9
       6
       6
       5
       3
       6
       7
       6
      11
      14
       7
       6
       7
      10
       7
       5
       8
       3
      10
       6
       6
       7
       7
      11
      10
       5
       2
      11
      11
       4
       6
       7
       9
      11
       8
       9
       5
       5
       4
       9
       8
       9
       5
       7
       4
       4
       7
       6
       7
      10
      11
       7
       6
       9
       4
       9
       5
       9
       3
       3
      11
       2
       5
       3
       0
       5
       4
       6
       8
       6
      12
       6
       5
       3
       6
       6
       9
       5
       7
       3
       3
       5
       4
       6
       6
       4
      10
       7
       2
       5
      10
       9
       4
       4
       6
       8
       4
       4
       5
       5
       7
       6
       6
       0
       5
       8
       7
       6
       6
       3
       3
       6
       3
       4
       5
       3
       3
       7
       3
       4
       6
       4
       6
       6
       7
       6
       6
       5
       6
       6
       4
       5
      11
       4
       5
       4
       3
       5
       4
       7
       6
       7
       5
       2
       8
       7
      10
       9
       6
      10
       3
       5
       4
       6
       5
       6
       3
       6
       2
       5
       7
       5
       7
       4
       9
       8
       4
       8
       5
       7
       9
       6
       2
       6
       4
       4
       3
       2
       6
       4
       4
       3
       7
       6
      10
       3
       1
       3
       5
       2
       7
       6
       4
       4
       4
       8
       4
       8
       7
       3
       6
       3
       9
       1
       8
       7
       5
       6
       2
       2
       7
       2
       4
       6
       6
       4
       3
       5
       4
       2
       7
       6
       6
       7
       5
       4
       4
       5
       4
       7
       5
       3
       1
       7
       4
       4
       7
       9
       5
       4
       3
       6
       4
       5
       4
       5
       3
       4
       4
       3
       1
       7
       5
       4
       8
       2
       7
       1
       8
       4
       8
       5
       4
       7
       6
       4
       6
       4
       7
       2
       5
       8
       4
       4
       9
       8
       9
       6
       6
       3
       8
       4
       7
       5
       5
       3
       8
       7
       5
       2
       7
       7
       4
       4
       9
       6
       8
       5
       7
       6
       3
       5
       9
       6
       7
       2
       9
       4
       8
       5
       4
       5
       6
       6
       3
       4
       8
       4
       5
       4
       2
       4
       9
       7
       9
       7
       4
       5
       9
       3
       4
       6
       4
       7
       3
       6
       6
       4
       6
       3
       4
       5
       4
       6
       5
      11
       8
       4
       3
       5
       7
       4
       3
       4
       5
       9
       4
       4
       6
       3
       4
       2
       4
       3
       8
      10
       5
       8
       3
       5
       4
       5
       4
       4
       1
       2
       3
       4
       2
       2
       3
       7
       5
       8
       5
       2
       3
       4
       5
       3
       3
       4
       5
       5
       7
       3
       8
       5
       6
       5
       4
       8
       6
       9
      12
       6
       7
      13
      14
       2
      11
       7
      10
      12
       8
       5
       6
      12
      10
       7
       9
       8
       2
       5
       9
       5
       5
       6
       6
      11
       9
       3
       4
       3
       4
       4
       4
       0
       3
       5
       2
       6
       3
       5
       2
       3
       4
       3
       1
       1
       2
       1
       7
       5
       4
       5
       8
       6
       4
       7
       6
       5
       4
       2
       3
       2
       4
       3
       3
       4
       3
       5
       2
       6
       5
       4
      10
       7
       6
       5
       4
       2
       4
       4
       4
       3
       5
       6
       5
       3
       2
       2
       9
       5
       4
       6
       4
       2
       0
       5
       4
       4
       3
       2
       5
       2
       5
       3
       5
       2
       4
       4
       3
       1
       2
       1
       5
       1
       2
       3
       4
       2
       2
       6
       3
       7
       0
       4
       1
       6
       4
       9
       5
      10
       5
       7
      11
      10
       9
       9
       7
       8
      11
       9
       5
       6
       3
       5
       5
       6
       5
       6
       4
       5
       3
       5
       3
       1
       2
       5
       0
       2
       1
       3
       2
       0
       2
       1
       0
       1
       0
       0
       1
       1
       1
       1
       0
       0
       0
       0
       0
       1
       1
       0
       0
       1
       1
       0
       0
       0
       0
       0
       0
       0
       0
       0
       0
       0
       0
       0
       0
       0
       0
       0
       0
       0
       0
       0
       0
       0
       0
       0
       0
       0
       0
       0
       0
       0
       0
       0
       0
       0
       0
       0
       0
       0
       0
       0
       0
       0
       0
       0
       0
       0
       0
       0
       0
       0
       0
       0
       0
       0
       0
       0
       0
       0
       0
       0
       0
       0
       0
       0
       0
       0
       0
       0
       0
       0
       0
       0
       0
       0
       0
       0
       0
       0
       0
       0
       0
       0
       0
       0
       0
       0
       0
       0
       0
       0
       0
       0
       0
       0
       0
       0
       0
       0
       0
       0
       0
       0
       0
       0
       0
       0
       0
       0
       0
       0
       0
       0
       0
       0
       0
       0
       0
       0
       0
       0
       0
       0
       0
       0
       0
       0
       0
       0
       0
       0
       0
       0
       0
       0
       0
       0
       0
       0
       0
       0
       0
       0
       0
       0
       0
       0
       0
       0
       0
       0
       0
       0
       0
       0
       0
       0
       0
       0
       0
       0
       0
       0
       0
       0
       0
       0
       0
       0
       0
       0
       0
       0
       0
       0
       0
       0
       0
       0
       0
       0
       0
       0
       0
       0
       0
       0
       0
       0
       0
       0
       0
       0
       0
       0
       0
       0
       0
       0
       0
       0
       0
       0
       0
       0
       0
       0
       0
       0
       0
       0
       0
       0
       0
       0
       0
       0
       0
       0
       0
       0
       0
       0
       0
       0
       0
       0
       0
       0
       0
       0
       0
       0
       0
       0
       0
       0
       0
       0
       0
       0
       0
       0
       0
       0
       0
       0
       0
       0
       0
       0
       0
       0
       0
       0
       0
       0
       0
       0
       0
       0
       0
       0
       0
       0
       0
       0
       0
       0
       0
       0
       0
       0
       0
       0
       0
       0
       0
       0
       0
       0
       0
       0
       0
       0
       0
       0
       0
       0
       0
       0
       0
       0
       0
       0
       0
       0
       0
       0
       0
       0
       0
       0
       0
       0
       0
       0
       0
       0
       0
       0
       0
       0
       0
       0
       0
       0
       0
       0
       0
       0
       0
       0
       0
       0
       0
       0
       0
       0
       0
       0
       0
       0
       0
       0
       0
       0
       0
       0
       0
       0
       0
       0
       0
       0
       0
       0
       0
       0
       0
       0
       0
       0
       0
       0
       0
       0
       0
       0
       0
       0
       0
       0
       0
       0
       0
       0
       0
       0
       0
       0
       0
       0
       0
       0
       0
       0
       0
       0
       0
       0
       0
       0
       0
       0
       0
       0
       0
       0
       0
       0
       0
       0
       0
       0
       0
       0
       0
       0
       0
       0
       0
       0
       0
       0
       0
       0
       0
       0
       0
       0
       0
       0
       0
       0
       0
       0
       0
       0
       0
       0
       0
       0
       0
       0
       0
       0
       0
       0
       0
       0
       0
       0
       0
       0
       0
       0
       0
       0
       0
       0
       0
       0
       0
       0
       0
       0
       0
       0
       0
       0
       0
       0
       0
       0
       0
       0
       0
       0
       0
       0
       0
       0
       0
       0
       0
       0
       0
       0
       0
       0
       0
       0
       0
       0
       0
       0
       0
       0
       0
       0
       0
       0
       0
       0
       0
       0
       0
       0
       0
       0
       0
       0
       0
       0
       0
       0
       0
       0
       0
       0
       0
       0
       0
       0
       0
       0
       0
       0
       0
       0
       0
       0
       0
       0
       0
       0
       0
       0
       0
       0
       0
       0
       0
       0
       0
       0
       0
       0
       0
       0
       0
       0
       0
       0
       0
       0
       0
       0
       0
       0
       0
       0
       0
       0
       0
       0
       0
       0
       0
       0
       0
       0
       0
       0
       0
       0
       0
       0
       0
       0
       0
       0
       0
       0
       0
       0
       0
       0
       0
       0
       0
       0
       0
       0
       0
       0
       0
       0
       0
       0
       0
       0
       0
       0
       0
       0
       0
       0
       0
       0
       0
       0
       0
       0
       0
       0
       0
       0
       0
       0
       0
       0
       0
       0
       0
       0
       0
       0
$ROI:
0
$PRESETS:
Real Time
300
0
$ENER_FIT:
-14.559913 0.471242
$MCA_CAL:
3
-1.455991E+001 4.712425E-001 0.000000E+000 keV
$SHAPE_CAL:
3
1.284168E+002 -2.797580E-002 0.000000E+000
