$SPEC_ID:
Pulser
$SPEC_REM:
DET# 2
DETDESC# NUCLEAR-PC MCB 129 Input 2
AP# Maestro Version 6.08
$DATE_MEA:
02/05/2021 13:14:31
$MEAS_TIM:
287 300
$DATA:
0 4095
       0
       0
       0
       0
       0
       0
       0
       0
       0
       0
       0
       0
       0
       0
       0
       0
       0
       0
       0
       0
       0
       0
       0
       0
       0
       0
       0
       0
       0
       0
       0
       0
       0
       0
       0
       0
       0
       0
       0
       0
       0
       0
       0
       0
       0
       0
       0
      18
     125
     169
     177
     130
     156
     192
     175
     170
     180
     157
     169
     192
     203
     183
     194
     205
     197
     205
     213
     237
     181
     197
     205
     256
     192
     219
     222
     188
     216
     197
     211
     200
     217
     214
     192
     200
     200
     198
     186
     193
     212
     186
     174
     208
     191
     193
     199
     180
     179
     180
     176
     192
     206
     212
     215
     192
     200
     187
     202
     193
     206
     210
     195
     217
     196
     207
     199
     215
     231
     210
     208
     217
     210
     192
     210
     207
     203
     230
     201
     219
     226
     221
     230
     240
     203
     234
     239
     233
     221
     217
     232
     241
     235
     217
     219
     248
     247
     225
     247
     224
     227
     248
     245
     257
     266
     239
     249
     256
     274
     296
     261
     273
     328
     284
     291
     302
     316
     341
     311
     309
     331
     354
     377
     373
     378
     345
     405
     447
     451
     438
     420
     444
     482
     472
     460
     448
     434
     447
     458
     467
     488
     437
     386
     389
     414
     452
     407
     418
     385
     403
     359
     379
     343
     389
     340
     358
     357
     349
     336
     328
     348
     369
     333
     318
     344
     359
     327
     343
     319
     327
     353
     292
     310
     309
     315
     299
     295
     359
     285
     293
     332
     300
     326
     303
     294
     300
     292
     288
     294
     297
     299
     276
     311
     274
     270
     284
     284
     317
     294
     306
     323
     295
     281
     275
     308
     281
     313
     304
     307
     320
     305
     288
     315
     271
     310
     287
     312
     298
     294
     286
     307
     328
     312
     304
     300
     318
     322
     310
     293
     321
     308
     322
     304
     331
     317
     313
     289
     287
     302
     340
     340
     290
     342
     353
     304
     301
     322
     320
     312
     304
     321
     305
     287
     312
     293
     310
     335
     343
     311
     320
     327
     300
     321
     307
     315
     324
     322
     316
     311
     307
     325
     331
     336
     327
     325
     292
     334
     338
     342
     339
     365
     325
     343
     350
     337
     328
     335
     313
     337
     338
     344
     351
     343
     289
     364
     341
     319
     339
     340
     325
     316
     342
     343
     361
     300
     353
     314
     335
     355
     350
     313
     353
     353
     322
     343
     374
     318
     343
     315
     357
     329
     332
     336
     345
     292
     397
     340
     345
     350
     359
     367
     375
     342
     361
     362
     365
     350
     367
     358
     368
     369
     311
     365
     371
     382
     399
     399
     420
     442
     396
     386
     406
     421
     428
     425
     448
     426
     446
     430
     430
     463
     439
     435
     433
     459
     406
     434
     441
     483
     471
     492
     425
     496
     443
     464
     472
     460
     457
     502
     459
     442
     451
     479
     480
     473
     433
     425
     472
     502
     481
     505
     452
     464
     437
     413
     399
     451
     461
     424
     429
     436
     425
     382
     473
     430
     382
     428
     428
     423
     434
     402
     377
     396
     400
     426
     417
     379
     394
     354
     378
     369
     368
     385
     381
     395
     386
     354
     334
     398
     385
     363
     373
     369
     349
     335
     377
     321
     335
     371
     344
     378
     319
     318
     356
     365
     312
     333
     335
     346
     321
     321
     347
     350
     333
     352
     334
     322
     323
     339
     351
     299
     299
     275
     306
     303
     298
     301
     307
     328
     295
     314
     300
     312
     279
     297
     269
     267
     276
     274
     267
     296
     282
     304
     270
     302
     294
     261
     251
     292
     284
     266
     277
     255
     294
     264
     272
     309
     274
     265
     276
     252
     249
     255
     272
     231
     267
     254
     260
     262
     251
     268
     272
     237
     241
     249
     239
     237
     240
     239
     241
     255
     253
     211
     253
     228
     254
     238
     238
     255
     246
     221
     252
     221
     205
     247
     265
     242
     229
     256
     218
     223
     241
     229
     252
     242
     232
     257
     247
     228
     195
     232
     227
     227
     256
     232
     214
     222
     230
     249
     216
     233
     238
     224
     251
     211
     226
     234
     201
     212
     225
     233
     216
     223
     231
     214
     208
     226
     190
     226
     226
     233
     217
     221
     214
     206
     204
     207
     228
     211
     203
     210
     242
     205
     207
     199
     194
     217
     202
     215
     195
     193
     245
     217
     229
     229
     188
     200
     220
     206
     179
     212
     220
     200
     195
     221
     213
     221
     230
     213
     190
     213
     191
     190
     196
     198
     231
     189
     199
     194
     206
     201
     192
     199
     213
     192
     171
     189
     200
     238
     197
     205
     189
     204
     203
     191
     206
     177
     176
     207
     195
     210
     186
     179
     221
     203
     199
     193
     198
     200
     208
     180
     190
     185
     195
     215
     168
     195
     180
     180
     191
     203
     193
     209
     174
     182
     179
     176
     198
     182
     202
     196
     177
     182
     176
     182
     188
     210
     164
     189
     205
     191
     180
     189
     168
     182
     186
     200
     185
     177
     198
     189
     179
     186
     195
     210
     177
     198
     188
     206
     217
     171
     163
     165
     188
     177
     184
     176
     190
     202
     180
     174
     197
     198
     182
     207
     169
     192
     184
     168
     193
     199
     186
     194
     186
     196
     164
     178
     211
     172
     180
     203
     205
     181
     193
     170
     191
     187
     174
     190
     180
     182
     184
     166
     191
     166
     191
     187
     191
     199
     148
     192
     162
     175
     187
     183
     188
     169
     182
     168
     167
     171
     183
     191
     163
     163
     175
     184
     158
     156
     181
     181
     163
     167
     177
     170
     156
     168
     178
     198
     175
     178
     164
     177
     202
     172
     157
     176
     196
     183
     157
     168
     183
     155
     177
     175
     181
     181
     182
     187
     198
     168
     182
     179
     173
     171
     180
     206
     157
     173
     184
     194
     182
     184
     166
     162
     178
     177
     172
     181
     198
     160
     200
     180
     182
     177
     179
     148
     184
     165
     178
     187
     187
     187
     180
     182
     173
     205
     141
     203
     187
     174
     191
     182
     199
     181
     173
     164
     197
     148
     181
     180
     225
     168
     177
     186
     195
     184
     166
     167
     192
     175
     225
     192
     177
     212
     189
     192
     209
     162
     199
     193
     165
     155
     195
     184
     193
     201
     163
     186
     190
     185
     200
     180
     192
     175
     155
     183
     205
     177
     191
     183
     184
     171
     184
     165
     188
     153
     189
     168
     171
     195
     175
     188
     171
     179
     163
     189
     130
     149
     177
     164
     151
     143
     139
     162
     163
     158
     185
     157
     165
     160
     149
     158
     178
     146
     149
     155
     138
     178
     145
     157
     150
     155
     141
     146
     128
     145
     138
     149
     136
     124
     132
     141
     124
     135
     153
     121
     115
     125
     120
     120
     119
     149
     119
     110
     105
     132
     102
     120
     120
      97
     124
     108
      99
     113
      89
     105
     102
      90
     113
      93
     105
      90
     108
      85
      91
      76
      92
      89
      91
      89
      97
      94
      84
      76
      82
      87
      88
      78
      84
      69
      76
      79
      78
      76
      82
      53
      62
      79
      63
      72
      76
      66
      57
      53
      76
      66
      47
      62
      53
      63
      65
      54
      63
      54
      54
      66
      42
      50
      49
      63
      61
      46
      61
      50
      37
      57
      52
      57
      43
      45
      53
      70
      66
      52
      58
      44
      50
      47
      48
      44
      35
      43
      50
      43
      43
      40
      46
      44
      46
      41
      46
      25
      37
      29
      33
      44
      43
      50
      47
      39
      37
      38
      33
      48
      42
      38
      42
      26
      41
      47
      30
      37
      31
      36
      28
      42
      41
      35
      25
      39
      28
      28
      37
      28
      41
      28
      23
      32
      41
      25
      31
      29
      22
      27
      38
      36
      36
      31
      29
      27
      34
      34
      26
      32
      27
      29
      25
      24
      31
      30
      29
      27
      28
      26
      29
      31
      34
      21
      31
      24
      32
      30
      18
      28
      23
      16
      26
      25
      21
      23
      34
      22
      19
      22
      24
      24
      26
      29
      26
      29
      32
      26
      25
      17
      22
      21
      25
      25
      20
      19
      18
      34
      18
      24
      22
      15
      21
      22
      25
      21
      24
      22
      29
      29
      24
      28
      23
      29
      25
      20
      20
      20
      18
      26
      16
      19
      22
      23
      21
      18
      21
      29
      24
      14
      24
      20
      16
      14
      19
      18
      19
      25
      23
      27
      23
      25
      18
      14
      19
      23
      17
      14
      17
      14
      21
      25
      20
      18
      31
      19
      25
      23
      16
      20
      23
      21
      11
      16
      13
      25
      26
      28
      25
      21
      27
      31
      22
      28
      22
      19
      29
      25
      27
      23
      32
      22
      38
      24
      37
      35
      22
      33
      35
      29
      26
      43
      33
      39
      47
      38
      28
      33
      42
      30
      48
      32
      53
      36
      36
      46
      49
      46
      55
      50
      60
      52
      61
      72
      62
      68
      73
      60
      70
      86
      77
      84
      71
      89
      74
      74
     101
      92
      90
     103
      90
     114
     129
     123
     119
     107
     137
     135
     126
     137
     131
     147
     153
     149
     169
     168
     175
     167
     173
     203
     232
     193
     206
     222
     207
     250
     236
     255
     276
     277
     270
     273
     298
     316
     306
     293
     285
     308
     326
     321
     367
     343
     365
     362
     381
     378
     389
     398
     427
     455
     443
     477
     501
     452
     463
     516
     498
     575
     530
     551
     545
     557
     568
     561
     597
     579
     635
     627
     659
     688
     648
     672
     689
     699
     686
     684
     751
     702
     782
     769
     729
     832
     834
     814
     851
     798
     777
     815
     889
     888
     870
     882
     874
     920
     929
     885
     951
     945
     976
     936
    1039
     978
     934
    1022
     978
     932
     999
     998
     972
     914
    1003
     989
    1008
    1023
     985
     962
    1001
     999
    1044
    1037
    1055
     943
     999
    1011
     977
     997
     996
     960
     950
     965
     930
     972
     916
     953
     985
    1009
     949
     892
     902
     908
     918
     839
     831
     856
     845
     853
     780
     821
     885
     799
     754
     779
     758
     758
     763
     704
     756
     731
     715
     740
     689
     639
     637
     671
     599
     592
     583
     611
     596
     561
     581
     587
     555
     574
     519
     509
     498
     499
     471
     435
     434
     452
     432
     388
     421
     399
     370
     347
     338
     357
     309
     281
     298
     284
     277
     315
     273
     241
     304
     243
     220
     247
     225
     210
     228
     196
     195
     179
     155
     201
     165
     162
     153
     147
     127
     127
     127
     120
     128
      92
     103
     115
     119
      97
     102
      88
      97
      92
      88
      90
      98
      72
      57
      59
      57
      58
      53
      52
      51
      40
      50
      39
      51
      40
      35
      25
      32
      33
      24
      31
      31
      15
      28
      21
      19
      18
      27
      30
      21
      18
      20
      24
      12
      24
      16
      14
      12
      17
       8
      17
      10
      10
       5
      12
       9
       5
       9
      10
      16
       5
      11
       6
       7
       6
       5
       5
       9
       7
       4
       7
       7
       5
       4
       7
       3
       6
       4
      10
       8
       4
      11
       6
       5
       5
       6
       4
       5
       4
       4
       9
       6
       4
       5
       1
       4
       2
       2
       6
       4
      10
       4
       3
       2
       3
       2
       1
       4
       3
       2
       2
       6
       3
       9
       8
       2
       0
       5
       3
       4
       5
       3
       5
       1
       7
       5
       5
       2
       3
       7
       5
       3
      10
       4
       0
       5
       2
       7
       6
       4
       5
       2
       5
      10
       5
       2
       4
       5
       5
       3
       2
       3
       4
       3
       4
       3
       2
       6
       5
       1
       1
       5
       2
       4
       6
       1
       1
       2
       5
       3
       7
       5
       4
       4
       5
       3
       5
       4
       7
       7
       2
       4
       5
       2
       1
       5
       4
       1
       5
       1
       2
       4
       5
       4
       3
       2
       2
       3
       0
       1
       2
       3
       4
       3
       2
       2
       2
       3
       3
       5
       3
       5
       2
       3
       4
       2
       3
       2
       3
       1
       5
       3
       3
       2
       3
       6
       0
       5
       1
       2
       5
       4
       3
       4
       3
       2
       8
       4
       4
       1
       4
       5
       5
       8
       2
       0
       2
       3
       1
       2
       6
       2
       2
       0
       0
       8
       5
       3
       3
       2
      12
       3
       3
       1
       1
       1
       5
       2
       2
       5
       3
       4
       6
       2
       3
       5
       4
       4
       4
       1
       8
       4
       7
       4
       0
       6
       2
       2
       3
       5
       0
       2
       5
       2
       3
       1
       2
       2
       5
       5
       1
       0
       1
       3
       5
       3
       3
       3
       2
       5
       4
       8
       5
       2
       5
       2
       6
       3
       2
       2
       3
       3
       1
       2
       8
       1
       4
       3
       3
       1
       3
       1
       5
       2
       0
       2
       2
       6
       3
       3
       4
       2
       1
       3
       4
       0
       5
       2
       4
       2
       1
       4
       2
       2
       2
       3
       5
       6
       4
       3
       5
       2
       2
       0
       3
       3
       5
       2
       4
       2
       2
       5
       1
       6
       2
       2
       1
       4
       2
       2
       2
       1
       5
       3
       2
       1
       1
       6
       6
       2
       5
       4
       5
       4
       0
       3
       3
       2
       5
       0
       3
       1
       6
       1
       3
       3
       4
       2
       2
       2
       5
       4
       2
       3
       1
       2
       5
       1
       2
       3
       2
       4
       1
       4
       4
       1
       1
       4
       2
      10
       3
       4
       1
       3
       4
       5
       6
       3
       3
       2
       2
       1
       6
       1
       7
       3
       7
       3
       5
       2
       1
       2
       1
       2
       1
       2
       1
       1
       5
       2
       2
       1
       2
       0
       2
       0
       6
       8
       4
       1
       6
       3
       1
       0
       3
       1
       4
       4
       1
       0
       3
       6
       3
       3
       2
       1
       6
       2
       2
       5
       1
       1
       1
       2
       1
       4
       2
       6
       4
       2
       4
       2
       5
       1
       2
       0
       2
       2
       1
       0
       7
       0
       4
       2
       1
       2
       1
       5
       2
       1
       3
       6
       1
       2
       2
       2
       4
       2
       4
       3
       0
       0
       0
       2
       3
       1
       3
       4
       0
       1
       0
       1
       1
       1
       1
       2
       3
       3
       3
       1
       4
       4
       2
       0
       4
       3
       1
       0
       3
       2
       3
       3
       2
       2
       1
       2
       5
       3
       0
       1
       0
       1
       1
       4
       3
       4
       3
       0
       2
       3
       1
       2
       3
       1
       3
       4
       3
       3
       2
       2
       3
       0
       2
       3
       1
       4
       5
       3
       2
       3
       1
       3
       2
       0
       4
       3
       2
       3
       3
       2
       3
       2
       2
       2
       4
       3
       3
       0
       2
       4
       2
       3
       2
       4
       2
       3
       1
       3
       0
       4
       1
       2
       0
       1
       2
       1
       1
       1
       4
       1
       2
       0
       0
       1
       1
       2
       2
       2
       2
       3
       0
       1
       3
       2
       1
       0
       2
       1
       1
       1
       4
       1
       3
       2
       2
       2
       6
       0
       4
       1
       5
       5
       4
       3
       4
       3
       2
       1
       4
       1
       1
       1
       3
       3
       1
       1
       1
       3
       1
       1
       2
       0
       2
       4
       0
       1
       3
       1
       2
       1
       1
       3
       0
       2
       1
       2
       1
       2
       1
       4
       3
       2
       1
       1
       2
       0
       1
       1
       1
       0
       1
       4
       1
       2
       1
       0
       3
       2
       1
       1
       2
       3
       2
       4
       1
       1
       3
       4
       2
       1
       3
       0
       3
       1
       1
       1
       1
       3
       1
       1
       1
       3
       2
       2
       1
       2
       2
       1
       3
       0
       1
       1
       2
       1
       1
       1
       3
       3
       1
       0
       1
       1
       1
       2
       2
       2
       1
       0
       1
       0
       1
       1
       3
       1
       1
       3
       2
       1
       0
       0
       2
       0
       1
       0
       0
       3
       3
       2
       2
       2
       0
       1
       1
       2
       2
       5
       2
       3
       0
       1
       2
       3
       2
       1
       0
       0
       1
       2
       0
       1
       2
       1
       1
       4
       0
       0
       2
       0
       0
       1
       2
       0
       0
       1
       2
       2
       5
       1
       1
       2
       0
       2
       3
       1
       1
       1
       2
       0
       1
       1
       3
       1
       1
       0
       1
       0
       4
       2
       0
       1
       1
       2
       1
       0
       3
       1
       0
       3
       4
       2
       0
       1
       1
       1
       1
       2
       2
       2
       1
       3
       2
       2
       2
       3
       1
       2
       1
       0
       1
       3
       1
       2
       1
       3
       1
       2
       0
       5
       1
       2
       0
       3
       0
       2
       1
       1
       4
       6
       0
       1
       3
       0
       2
       1
       0
       0
       0
       3
       0
       1
       0
       1
       3
       2
       0
       5
       2
       1
       0
       1
       6
       1
       1
       1
       2
       1
       4
       3
       2
       1
       2
       2
       2
       4
       0
       1
       5
       2
       0
       0
       4
       0
       3
       2
       3
       1
       1
       0
       1
       0
       0
       1
       3
       1
       1
       1
       1
       2
       3
       1
       1
       0
       1
       2
       0
       2
       1
       2
       0
       2
       4
       1
       1
       3
       1
       4
       0
       2
       0
       3
       3
       0
       0
       1
       0
       1
       3
       1
       3
       4
       0
       0
       2
       1
       1
       3
       1
       1
       2
       1
       2
       3
       1
       1
       2
       1
       2
       1
       0
       1
       3
       2
       3
       3
       2
       1
       2
       1
       3
       1
       2
       2
       2
       1
       3
       0
       1
       3
       1
       2
       2
       0
       5
       1
       2
       1
       1
       2
       0
       0
       2
       2
       3
       2
       0
       0
       1
       0
       2
       0
       1
       2
       3
       3
       1
       1
       2
       1
       4
       3
       1
       0
       2
       1
       1
       2
       1
       0
       3
       2
       1
       2
       2
       2
       2
       0
       0
       1
       2
       1
       0
       1
       1
       2
       3
       2
       0
       2
       2
       1
       1
       2
       3
       2
       2
       5
       1
       4
       3
       1
       1
       2
       2
       0
       1
       3
       2
       3
       3
       2
       1
       1
       2
       6
       2
       2
       3
       1
       0
       0
       2
       1
       2
       3
       1
       4
       2
       0
       4
       3
       0
       0
       1
       1
       2
       4
       5
       3
       0
       1
       1
       2
       3
       1
       1
       4
       1
       2
       1
       0
       0
       2
       1
       1
       3
       3
       2
       1
       3
       3
       1
       2
       4
       1
       1
       3
       1
       1
       5
       0
       1
       1
       2
       2
       3
       0
       3
       2
       0
       7
       2
       1
       7
       5
       1
       1
       2
       2
       3
       2
       3
       4
       3
       4
       1
       0
       2
       4
       2
       0
       2
       2
       1
       2
       3
       0
       3
       2
       2
       4
       3
       1
       5
       4
       3
       3
       5
       3
       2
       3
       4
       8
       2
       5
       2
       7
       1
       1
       3
       7
       0
       5
       3
       1
       4
       2
       1
       5
       3
       2
       5
       7
       4
       1
       4
       4
       4
       7
       8
       1
       7
       5
       7
       5
      10
      11
       5
       4
       5
       5
       7
       6
       4
       3
       1
       1
       4
       7
       1
       5
       4
       3
       8
       1
       5
       2
       6
       5
       7
       1
       3
      11
       5
       2
       5
      11
       2
       5
       2
       4
       7
       1
       1
       8
       4
       2
       2
       5
       5
       1
       2
       6
       3
       4
       5
       1
       1
       2
       3
       2
       2
       4
       4
       0
       1
       0
       2
       0
       3
       1
       3
       2
       1
       1
       3
       1
       3
       0
       4
       1
       0
       3
       4
       1
       1
       0
       2
       1
       0
       3
       0
       1
       3
       0
       0
       0
       1
       2
       2
       3
       1
       1
       1
       3
       2
       0
       2
       1
       3
       1
       0
       1
       0
       2
       0
       1
       0
       3
       1
       3
       1
       1
       0
       1
       2
       1
       1
       2
       0
       2
       0
       1
       1
       1
       0
       3
       1
       1
       2
       1
       2
       2
       0
       0
       2
       1
       1
       2
       1
       3
       0
       0
       0
       0
       0
       0
       1
       0
       0
       1
       0
       1
       0
       1
       0
       3
       1
       0
       1
       1
       2
       0
       1
       1
       2
       2
       1
       2
       2
       1
       3
       1
       2
       1
       2
       3
       0
       4
       1
       1
       1
       2
       0
       1
       1
       1
       1
       1
       2
       2
       0
       0
       0
       2
       0
       1
       0
       1
       1
       2
       0
       0
       0
       1
       0
       1
       0
       0
       1
       1
       1
       1
       2
       2
       1
       1
       1
       2
       0
       0
       0
       2
       2
       1
       3
       0
       0
       2
       0
       2
       0
       1
       1
       2
       0
       1
       1
       2
       0
       0
       1
       0
       2
       0
       0
       0
       0
       1
       1
       0
       0
       1
       0
       1
       0
       0
       1
       0
       1
       0
       0
       1
       0
       0
       0
       1
       0
       0
       2
       0
       0
       1
       0
       1
       0
       0
       0
       1
       0
       1
       1
       2
       0
       0
       1
       1
       0
       0
       0
       0
       1
       0
       2
       1
       0
       0
       0
       1
       0
       1
       0
       1
       0
       0
       1
       0
       0
       0
       1
       1
       2
       1
       0
       0
       2
       0
       3
       1
       0
       1
       1
       3
       2
       1
       0
       0
       2
       0
       1
       0
       0
       0
       0
       1
       2
       0
       0
       1
       0
       2
       3
       2
       1
       1
       0
       0
       1
       1
       0
       1
       0
       1
       1
       2
       1
       2
       2
       1
       0
       2
       3
       1
       0
       0
       1
       1
       0
       0
       2
       0
       0
       3
       0
       1
       1
       0
       0
       1
       1
       4
       1
       1
       1
       1
       1
       0
       0
       0
       1
       0
       1
       4
       0
       1
       0
       0
       0
       0
       0
       0
       0
       2
       0
       0
       0
       3
       1
       0
       1
       0
       1
       3
       2
       1
       0
       2
       1
       1
       2
       0
       0
       1
       0
       0
       1
       1
       1
       3
       2
       0
       1
       1
       2
       0
       0
       0
       0
       1
       1
       0
       0
       0
       0
       0
       1
       0
       1
       0
       1
       0
       0
       0
       1
       0
       0
       1
       1
       3
       0
       1
       0
       0
       0
       1
       1
       0
       0
       0
       0
       0
       0
       1
       2
       1
       1
       1
       1
       1
       0
       2
       2
       1
       1
       1
       1
       2
       2
       2
       6
       4
       1
       3
       2
       1
       3
       0
       2
       0
       2
       1
       1
       0
       0
       0
       0
       0
       1
       0
       0
       0
       0
       0
       0
       0
       1
       1
       0
       0
       0
       0
       0
       0
       2
       2
       0
       0
       0
       0
       0
       0
       0
       2
       1
       0
       0
       0
       0
       1
       0
       0
       1
       1
       1
       0
       1
       0
       0
       0
       0
       0
       0
       1
       1
       0
       2
       2
       1
       0
       1
       0
       1
       0
       1
       0
       1
       0
       0
       3
       0
       0
       0
       0
       0
       0
       0
       1
       0
       0
       1
       2
       0
       0
       1
       2
       4
       0
       0
       2
       0
       0
       1
       2
       0
       1
       0
       2
       0
       2
       4
       1
       2
       3
       1
       6
       8
       7
      12
      22
      12
      14
       8
      12
      12
      13
       5
      10
       7
       7
       6
       6
       5
       4
       4
       1
       4
       6
       2
       3
       2
       2
       1
       3
       1
       1
       0
       0
       0
       0
       0
       0
       1
       0
       0
       1
       0
       0
       0
       0
       0
       0
       0
       0
       1
       0
       0
       0
       0
       0
       0
       0
       0
       0
       0
       0
       0
       0
       0
       0
       0
       0
       0
       0
       0
       0
       0
       0
       0
       0
       0
       0
       0
       0
       0
       0
       0
       0
       0
       0
       0
       0
       0
       0
       0
       0
       0
       0
       0
       0
       0
       0
       0
       0
       0
       0
       0
       0
       0
       0
       0
       0
       0
       0
       0
       0
       0
       0
       0
       0
       0
       0
       0
       0
       0
       0
       0
       0
       0
       0
       0
       0
       0
       0
       0
       0
       0
       0
       0
       0
       0
       0
       0
       0
       0
       0
       0
       0
       0
       0
       0
       0
       0
       0
       0
       0
       0
       0
       0
       0
       0
       0
       0
       0
       0
       0
       0
       0
       0
       0
       0
       0
       0
       0
       0
       0
       0
       0
       0
       0
       0
       0
       0
       0
       0
       0
       0
       0
       0
       0
       0
       0
       0
       0
       0
       0
       0
       0
       0
       0
       0
       0
       0
       0
       0
       0
       0
       0
       0
       0
       0
       0
       0
       0
       0
       0
       0
       0
       0
       0
       0
       0
       0
       0
       0
       0
       0
       0
       0
       0
       0
       0
       0
       0
       0
       0
       0
       0
       0
       0
       0
       0
       0
       0
       0
       0
       0
       0
       0
       0
       0
       0
       0
       0
       0
       0
       0
       0
       0
       0
       0
       0
       0
       0
       0
       0
       0
       0
       0
       0
       0
       0
       0
       0
       0
       0
       0
       0
       0
       0
       0
       0
       0
       0
       0
       0
       0
       0
       0
       0
       0
       0
       0
       0
       0
       0
       0
       0
       0
       0
       0
       0
       0
       0
       0
       0
       0
       0
       0
       0
       0
       0
       0
       0
       0
       0
       0
       0
       0
       0
       0
       0
       0
       0
       0
       0
       0
       0
       0
       0
       0
       0
       0
       0
       0
       0
       0
       0
       0
       0
       0
       0
       0
       0
       0
       0
       0
       0
       0
       0
       0
       0
       0
       0
       0
       0
       0
       0
       0
       0
       0
       0
       0
       0
       0
       0
       0
       0
       0
       0
       0
       0
       0
       0
       0
       0
       0
       0
       0
       0
       0
       0
       0
       0
       0
       0
       0
       0
       0
       0
       0
       0
       0
       0
       0
       0
       0
       0
       0
       0
       0
       0
       0
       0
       0
       0
       0
       0
       0
       0
       0
       0
       0
       0
       0
       0
       0
       0
       0
       0
       0
       0
       0
       0
       0
       0
       0
       0
       0
       0
       0
       0
       0
       0
       0
       0
       0
       0
       0
       0
       0
       0
       0
       0
       0
       0
       0
       0
       0
       0
       0
       0
       0
       0
       0
       0
       0
       0
       0
       0
       0
       0
       0
       0
       0
       0
       0
       0
       0
       0
       0
       0
       0
       0
       0
       0
       0
       0
       0
       0
       0
       0
       0
       0
       0
       0
       0
       0
       0
       0
       0
       0
       0
       0
       0
       0
       0
       0
       0
       0
       0
       0
       0
       0
       0
       0
       0
       0
       0
       0
       0
       0
       0
       0
       0
       0
       0
       0
       0
       0
       0
       0
       0
       0
       0
       0
       0
       0
       0
       0
       0
       0
       0
       0
       0
       0
       0
       0
       0
       0
       0
       0
       0
       0
       0
       0
       0
       0
       0
       0
       0
       0
       0
       0
       0
       0
       0
       0
       0
       0
       0
       0
       0
       0
       0
       0
       0
       0
       0
       0
       0
       0
       0
       0
       0
       0
       0
       0
       0
       0
       0
       0
       0
       0
       0
       0
       0
       0
       0
       0
       0
       0
       0
       0
       0
       0
       0
       0
       0
       0
       0
       0
       0
       0
       0
       0
       0
       0
       0
       0
       0
       0
       0
       0
       0
       0
       0
       0
       0
       0
       0
       0
       0
       0
       0
       0
       0
       0
       0
       0
       0
       0
       0
       0
       0
       0
       0
       0
       0
       0
       0
       0
       0
       0
       0
       0
       0
       0
       0
       0
       0
       0
       0
       0
       0
       0
       0
       0
       0
       0
       0
       0
       0
       0
       0
       0
$ROI:
1
1297 1591
$PRESETS:
Real Time
300
0
$ENER_FIT:
-14.559913 0.471242
$MCA_CAL:
3
-1.455991E+001 4.712425E-001 0.000000E+000 keV
$SHAPE_CAL:
3
1.284168E+002 -2.797580E-002 0.000000E+000
