$SPEC_ID:
Pulser
$SPEC_REM:
DET# 2
DETDESC# NUCLEAR-PC MCB 129 Input 2
AP# Maestro Version 6.08
$DATE_MEA:
02/05/2021 12:20:11
$MEAS_TIM:
286 300
$DATA:
0 4095
       0
       0
       0
       0
       0
       0
       0
       0
       0
       0
       0
       0
       0
       0
       0
       0
       0
       0
       0
       0
       0
       0
       0
       0
       0
       0
       0
       0
       0
       0
       0
       0
       0
       0
       0
       0
       0
       0
       0
       0
       0
       0
       0
       0
       0
       0
       0
      27
     188
     213
     230
     251
     233
     276
     261
     281
     282
     304
     309
     296
     325
     363
     392
     352
     427
     432
     513
     588
     555
     699
     716
     827
     977
    1104
    1120
    1228
    1271
    1392
    1414
    1425
    1354
    1327
    1316
    1212
    1128
    1049
     867
     880
     747
     683
     614
     571
     525
     450
     408
     388
     361
     315
     304
     284
     283
     249
     250
     226
     225
     234
     225
     200
     205
     205
     198
     169
     208
     193
     224
     215
     222
     181
     233
     186
     206
     203
     239
     196
     210
     208
     203
     222
     239
     208
     217
     208
     233
     214
     214
     239
     205
     245
     243
     240
     230
     204
     218
     229
     208
     243
     218
     243
     249
     249
     228
     256
     233
     227
     264
     250
     265
     260
     254
     236
     241
     238
     219
     251
     249
     267
     251
     267
     246
     245
     264
     278
     263
     290
     273
     265
     266
     293
     274
     269
     294
     274
     268
     297
     291
     297
     260
     267
     289
     275
     269
     305
     282
     323
     269
     276
     290
     331
     265
     299
     301
     300
     316
     332
     287
     283
     302
     319
     275
     318
     296
     311
     284
     315
     313
     312
     304
     287
     317
     270
     278
     345
     299
     315
     289
     285
     313
     313
     262
     317
     326
     283
     297
     315
     293
     296
     331
     356
     336
     290
     285
     291
     315
     294
     280
     320
     316
     278
     264
     303
     269
     336
     312
     314
     315
     329
     315
     271
     320
     325
     322
     331
     354
     323
     284
     337
     290
     343
     311
     293
     306
     315
     345
     287
     311
     311
     306
     304
     336
     309
     297
     325
     329
     333
     330
     319
     324
     314
     333
     316
     327
     305
     355
     346
     321
     299
     334
     330
     346
     340
     323
     311
     327
     343
     343
     324
     330
     322
     342
     320
     317
     388
     323
     338
     308
     329
     321
     339
     300
     322
     354
     298
     325
     325
     329
     325
     332
     338
     317
     345
     363
     330
     311
     333
     341
     337
     326
     321
     330
     319
     317
     351
     351
     326
     351
     326
     330
     343
     362
     372
     301
     308
     311
     361
     331
     349
     346
     365
     358
     342
     366
     348
     355
     344
     356
     357
     348
     323
     335
     334
     368
     307
     388
     355
     348
     339
     364
     362
     350
     338
     366
     368
     430
     362
     371
     399
     371
     382
     366
     364
     360
     391
     387
     364
     407
     408
     387
     439
     450
     401
     444
     433
     393
     458
     442
     437
     418
     456
     428
     458
     435
     483
     462
     458
     452
     456
     466
     459
     479
     479
     494
     495
     497
     437
     506
     466
     451
     470
     514
     444
     474
     489
     449
     492
     447
     482
     422
     491
     432
     459
     449
     451
     479
     446
     419
     452
     509
     444
     465
     432
     441
     469
     433
     424
     442
     455
     410
     435
     446
     409
     395
     416
     403
     383
     432
     432
     407
     381
     424
     377
     349
     397
     364
     399
     381
     383
     384
     382
     385
     379
     396
     371
     350
     340
     354
     368
     342
     331
     362
     377
     332
     351
     346
     366
     368
     367
     363
     343
     344
     318
     320
     289
     347
     328
     341
     314
     319
     342
     338
     317
     329
     314
     332
     285
     304
     294
     306
     315
     291
     305
     275
     292
     312
     300
     292
     290
     263
     311
     285
     280
     294
     300
     289
     282
     304
     281
     312
     266
     269
     283
     280
     279
     272
     250
     247
     276
     282
     281
     247
     242
     292
     246
     283
     258
     250
     230
     266
     258
     257
     266
     254
     246
     264
     232
     233
     255
     242
     237
     223
     234
     280
     227
     245
     251
     238
     244
     255
     240
     262
     253
     249
     244
     235
     237
     255
     209
     231
     223
     235
     243
     227
     248
     237
     237
     217
     222
     238
     246
     219
     229
     217
     229
     231
     233
     228
     238
     248
     249
     230
     240
     240
     232
     212
     233
     228
     214
     202
     230
     208
     226
     211
     232
     228
     212
     191
     231
     225
     210
     228
     204
     223
     208
     210
     190
     225
     211
     206
     222
     208
     238
     208
     187
     214
     182
     230
     202
     208
     205
     194
     233
     200
     189
     194
     188
     195
     186
     192
     230
     188
     195
     186
     187
     168
     216
     204
     210
     214
     207
     193
     201
     216
     206
     183
     207
     211
     189
     202
     190
     193
     191
     194
     211
     184
     195
     173
     184
     166
     225
     204
     196
     180
     181
     196
     200
     177
     203
     195
     200
     183
     161
     162
     178
     193
     187
     181
     177
     175
     196
     190
     199
     190
     161
     193
     202
     198
     172
     173
     195
     188
     175
     195
     211
     200
     181
     189
     182
     185
     180
     174
     181
     179
     173
     222
     171
     185
     176
     178
     143
     164
     176
     203
     198
     192
     173
     157
     179
     174
     174
     172
     167
     168
     151
     179
     186
     177
     179
     202
     179
     209
     170
     181
     188
     183
     169
     184
     194
     188
     169
     181
     185
     172
     187
     183
     181
     173
     183
     189
     174
     161
     192
     182
     152
     178
     178
     188
     180
     184
     160
     193
     188
     182
     169
     177
     186
     172
     180
     203
     155
     147
     168
     179
     195
     191
     186
     167
     164
     179
     176
     192
     184
     179
     186
     160
     178
     178
     165
     183
     181
     187
     188
     185
     161
     188
     181
     168
     180
     173
     180
     163
     152
     170
     181
     190
     191
     155
     150
     169
     167
     163
     171
     169
     166
     163
     167
     175
     176
     188
     200
     189
     191
     153
     162
     182
     160
     188
     164
     179
     199
     186
     180
     181
     188
     186
     184
     175
     174
     164
     177
     182
     157
     170
     174
     193
     191
     195
     176
     166
     185
     169
     199
     168
     167
     187
     186
     168
     172
     172
     188
     184
     183
     164
     193
     164
     197
     170
     183
     168
     189
     180
     179
     176
     194
     168
     187
     191
     207
     224
     188
     175
     180
     195
     198
     176
     171
     183
     199
     160
     183
     199
     173
     181
     199
     197
     169
     163
     210
     188
     198
     191
     220
     194
     176
     177
     183
     190
     196
     197
     192
     165
     191
     175
     181
     177
     173
     166
     165
     176
     180
     191
     181
     188
     158
     178
     167
     174
     188
     164
     176
     172
     161
     180
     181
     165
     169
     146
     161
     171
     177
     169
     157
     162
     157
     160
     157
     167
     159
     152
     155
     157
     167
     161
     139
     167
     143
     156
     120
     161
     148
     134
     148
     120
     130
     132
     120
     133
     142
     128
     130
     129
     134
     156
     124
     138
     107
     106
     121
     112
     111
     121
     127
     129
     128
     122
     119
     113
     114
     103
     110
      91
     100
     105
      81
      99
     110
      96
      85
      95
      97
      91
      65
      78
     102
      93
      96
      99
      70
      88
      82
      71
      80
      81
      79
      56
      70
      77
      66
      67
      68
      75
      68
      61
      67
      81
      76
      80
      55
      64
      76
      76
      70
      58
      53
      63
      71
      57
      65
      64
      54
      43
      47
      58
      42
      60
      55
      41
      56
      48
      59
      62
      65
      54
      60
      53
      52
      67
      53
      40
      33
      40
      53
      44
      44
      51
      38
      41
      39
      44
      48
      42
      50
      39
      36
      36
      33
      52
      40
      31
      37
      42
      46
      30
      39
      31
      39
      35
      38
      34
      37
      32
      30
      30
      37
      35
      28
      37
      35
      30
      31
      30
      29
      32
      29
      25
      31
      45
      37
      24
      24
      20
      22
      35
      38
      36
      29
      27
      19
      20
      22
      27
      28
      37
      20
      30
      17
      24
      18
      18
      25
      25
      27
      27
      26
      31
      15
      28
      23
      31
      31
      24
      22
      29
      31
      28
      20
      16
      26
      28
      23
      22
      25
      25
      21
      13
      16
      20
      25
      20
      18
      25
      27
      18
      23
      24
      21
      23
      26
      15
      18
      24
      19
      25
      30
      24
      20
      20
      16
      19
      17
      21
      23
      22
      17
      24
      24
      23
      24
      21
      13
      19
      16
      25
      20
      18
      23
      13
      16
      16
      18
      18
      23
      10
      16
      26
      22
      20
      12
      19
      13
      24
      14
      20
      23
      21
      19
      22
      24
      12
      15
      17
      14
      17
      21
      23
      26
      17
      17
      25
      16
      17
      28
      20
      27
      14
      17
      15
      20
      20
      20
      29
      20
      26
      24
      26
      23
      18
      25
      17
      17
      20
      21
      25
      22
      15
      30
      26
      14
      24
      21
      20
      22
      24
      18
      32
      28
      26
      32
      29
      23
      21
      18
      29
      31
      34
      27
      29
      29
      35
      34
      35
      37
      44
      30
      41
      37
      34
      43
      46
      49
      42
      42
      49
      50
      54
      48
      64
      76
      71
      63
      75
      63
      69
      73
      73
     100
      79
      78
      82
      76
     107
     107
      98
     129
     103
      94
     138
     119
     124
     137
     143
     136
     159
     152
     144
     183
     179
     153
     181
     202
     183
     199
     185
     216
     235
     228
     242
     242
     270
     276
     269
     260
     280
     282
     285
     287
     320
     314
     325
     319
     334
     340
     341
     363
     393
     390
     409
     403
     439
     413
     451
     441
     519
     476
     488
     551
     477
     541
     537
     567
     600
     553
     542
     576
     635
     620
     625
     614
     624
     651
     659
     691
     731
     681
     714
     741
     701
     742
     744
     754
     801
     814
     802
     818
     835
     770
     836
     884
     863
     913
     878
     885
     851
     864
     943
     924
     869
     857
     925
     974
     994
     939
     998
    1054
    1028
     952
    1011
     968
    1005
    1011
    1015
    1027
    1046
    1011
    1001
     988
    1060
    1021
    1066
    1028
    1018
    1043
    1057
     987
    1022
    1054
     977
     946
    1029
     991
     996
     981
    1006
     948
     924
     993
    1026
     923
     945
     996
     950
     919
     913
    1005
     893
     868
     873
     923
     859
     843
     855
     892
     780
     833
     839
     805
     764
     798
     706
     736
     728
     726
     705
     685
     655
     703
     685
     622
     625
     629
     606
     562
     538
     562
     537
     545
     522
     516
     519
     484
     504
     479
     453
     448
     437
     421
     378
     394
     375
     380
     380
     346
     322
     329
     313
     319
     305
     305
     274
     302
     255
     255
     246
     243
     220
     233
     188
     204
     167
     210
     170
     193
     182
     190
     156
     161
     140
     135
     131
     128
     137
     122
     103
     115
     108
     123
     105
     105
      89
      92
      98
      68
      87
      68
      70
      55
      56
      52
      42
      52
      58
      49
      42
      41
      39
      33
      37
      36
      41
      36
      34
      29
      23
      23
      24
      21
      21
      22
      14
      21
      14
      16
      22
       8
      15
      16
      15
      11
      14
       8
      16
      14
      15
      12
      10
       6
       8
       7
      13
       9
       9
      14
       7
       8
      11
       6
       8
       6
       6
       8
       8
       9
       6
       5
       5
       5
       3
       5
       7
       5
       6
       8
       3
       4
       2
       8
       5
       3
       7
       5
       5
       5
       4
       2
      10
       3
       2
       7
       5
       2
       2
       2
       3
       5
       4
       6
       5
       7
       3
       3
       4
       5
       8
       3
       2
       3
       6
       3
       8
       5
       2
       3
       7
       1
       4
       5
       4
       4
       3
       3
       9
       4
       5
       5
       3
       9
       5
       3
       3
       3
       5
       7
       2
       3
       2
       2
       2
       3
       3
       6
       1
       3
       3
       8
       2
       3
       5
       4
       4
      10
       3
       3
       6
       7
       3
       4
       4
       3
       5
       6
       3
       1
       2
       7
       3
       3
       0
       3
       3
       3
       7
       3
       3
       3
       5
       0
       7
       4
       2
       1
       3
       4
       5
       2
       6
       7
       3
       6
       0
       3
       3
       5
       4
       3
       5
       7
       4
       3
       0
       1
       1
       2
       1
       2
       7
       3
       2
       4
       4
       6
       2
       1
       1
       5
       5
       0
       3
       3
       6
       3
       1
       4
       5
       4
       2
       3
       3
       5
       4
       3
       3
       5
       6
       3
       4
       4
       4
       1
       0
       1
       5
       2
       2
       4
       4
       3
       4
       2
       5
       2
       4
       1
       1
       3
       2
       6
       2
       4
       4
       6
       6
       3
       8
       3
       2
       4
       2
       0
       3
       1
       1
       4
       2
       1
       6
       5
       6
       2
       1
       3
       3
       1
       5
       3
       5
       3
       2
       5
       2
       3
       2
       2
       3
       3
       7
       5
       2
       4
       0
       3
       4
       2
       4
       6
       1
       4
       0
       6
       2
       2
       2
       1
       3
       5
       2
       2
       2
       3
       5
       3
       3
       3
       1
       2
       3
       6
       3
       1
       2
       2
       4
       2
       2
       2
       3
       2
       1
       3
       2
       2
       5
       3
       1
       1
       1
       1
       4
       4
       3
       1
       5
       1
       0
       3
       5
       2
       6
       5
       5
       4
       1
       3
       3
       4
       1
       4
       3
       3
       3
       5
       5
       5
       4
       2
       3
       1
       4
       2
       2
       1
       1
       7
       3
       5
       5
       4
       3
       4
       3
       3
       1
       2
       3
       1
       0
       6
       1
       2
       3
       5
       5
       0
       3
       3
       4
       3
       3
       2
       4
       2
       2
       2
       5
       0
       5
       2
       3
       0
       4
       6
       1
       2
       1
       3
       0
       4
       3
       6
       3
       2
       3
       6
       4
       2
       3
       4
       1
       5
       3
       2
       5
       1
       4
       0
       1
       4
       3
       0
       3
       3
       2
       3
       4
       5
       2
       3
       4
       3
       2
       3
       1
       2
       4
       2
       5
       1
       3
       6
       1
       1
       3
       5
       1
       1
       1
       2
       3
       1
       5
       2
       0
       1
       2
       3
       4
       3
       6
       3
       2
       2
       4
       0
       3
       1
       1
       0
       2
       3
       4
       4
       0
       2
       4
       1
       1
       0
       4
       1
       4
       1
       1
       4
       1
       3
       1
       2
       1
       2
       7
       4
       3
       3
       2
       3
       2
       1
       2
       1
       3
       2
       4
       3
       2
       4
       4
       2
       2
       5
       1
       2
       1
       1
       2
       1
       3
       1
       6
       3
       2
       2
       2
       2
       1
       1
       7
       2
       3
       3
       2
       3
       1
       1
       2
       2
       1
       0
       7
       3
       4
       2
       3
       1
       5
       1
       4
       3
       3
       2
       0
       1
       2
       1
       2
       1
       0
       3
       1
       5
       3
       6
       0
       0
       0
       5
       2
       2
       0
       2
       4
       1
       1
       1
       1
       1
       1
       3
       2
       5
       1
       4
       2
       2
       2
       0
       2
       6
       4
       2
       1
       3
       1
       3
       2
       0
       3
       2
       2
       1
       2
       3
       3
       3
       4
       2
       3
       1
       0
       3
       2
       0
       1
       2
       4
       2
       1
       2
       2
       1
       3
       6
       3
       3
       2
       2
       3
       3
       3
       4
       1
       4
       2
       2
       3
       5
       1
       1
       0
       1
       3
       1
       0
       2
       1
       3
       1
       2
       1
       1
       2
       2
       4
       0
       1
       0
       2
       2
       2
       2
       2
       1
       2
       3
       4
       2
       1
       1
       0
       2
       2
       2
       1
       2
       0
       1
       2
       1
       0
       2
       1
       0
       3
       1
       3
       1
       4
       0
       0
       0
       2
       1
       3
       0
       1
       2
       1
       3
       0
       1
       2
       0
       1
       1
       2
       6
       0
       3
       2
       1
       0
       0
       1
       1
       3
       0
       0
       3
       1
       0
       2
       3
       1
       2
       1
       2
       0
       1
       1
       1
       1
       2
       1
       2
       0
       3
       2
       3
       2
       1
       1
       2
       1
       3
       1
       0
       0
       2
       1
       1
       2
       3
       0
       2
       0
       0
       0
       2
       1
       2
       1
       1
       0
       1
       2
       2
       0
       2
       2
       1
       1
       2
       1
       1
       1
       0
       1
       1
       3
       1
       0
       1
       0
       0
       0
       2
       0
       1
       0
       3
       5
       1
       2
       0
       3
       0
       3
       1
       1
       0
       3
       2
       1
       0
       1
       0
       1
       1
       3
       0
       3
       3
       1
       1
       1
       2
       2
       1
       1
       1
       0
       2
       0
       4
       0
       1
       0
       2
       2
       2
       2
       0
       4
       2
       2
       2
       2
       1
       0
       1
       0
       2
       0
       2
       0
       0
       0
       1
       1
       2
       3
       0
       3
       2
       0
       0
       1
       4
       3
       0
       0
       4
       4
       2
       1
       1
       1
       2
       1
       2
       0
       2
       0
       2
       6
       1
       3
       2
       0
       1
       0
       1
       1
       1
       1
       0
       3
       1
       0
       1
       0
       0
       0
       5
       1
       1
       1
       4
       5
       3
       3
       2
       1
       1
       3
       2
       1
       2
       0
       0
       0
       1
       1
       2
       0
       3
       0
       1
       0
       0
       0
       3
       2
       0
       3
       4
       0
       0
       0
       0
       1
       0
       4
       2
       3
       1
       1
       1
       0
       1
       1
       1
       2
       1
       1
       0
       5
       1
       1
       2
       2
       2
       3
       4
       2
       1
       2
       1
       2
       2
       3
       1
       2
       1
       2
       3
       3
       1
       1
       2
       0
       2
       3
       3
       0
       2
       1
       2
       4
       0
       1
       0
       2
       3
       3
       1
       0
       1
       2
       2
       1
       2
       3
       0
       2
       1
       2
       2
       4
       3
       2
       1
       0
       2
       2
       1
       3
       0
       3
       0
       2
       1
       3
       0
       1
       0
       1
       2
       5
       2
       1
       2
       4
       5
       1
       1
       3
       3
       0
       2
       1
       0
       4
       2
       4
       1
       3
       3
       3
       2
       1
       2
       1
       0
       1
       3
       1
       3
       1
       0
       2
       2
       3
       0
       3
       0
       0
       3
       0
       2
       1
       1
       0
       1
       2
       3
       2
       2
       2
       1
       2
       2
       4
       6
       5
       2
       2
       2
       6
       3
       4
       0
       3
       0
       1
       2
       0
       3
       2
       3
       1
       1
       2
       1
       3
       2
       1
       1
       1
       0
       1
       0
       2
       0
       1
       2
       0
       3
       2
       1
       3
       2
       2
       1
       2
       2
       3
       4
       2
       3
       3
       0
       0
       0
       0
       3
       2
       1
       1
       2
       2
       2
       3
       4
       3
       0
       3
       3
       1
       6
       3
       0
       3
       1
       1
       2
       2
       3
       3
       3
       4
       3
       0
       3
       2
       0
       2
       3
       1
       2
       2
       0
       3
       3
       2
       4
       0
       4
       4
       5
       2
       3
       3
       1
       1
       4
       3
       6
       3
       2
       4
       3
       1
       4
       4
       3
       4
       3
       5
       7
       3
       4
       1
       2
       2
       5
       2
       3
       4
       2
       4
       4
       3
       2
       6
       7
       2
       4
       1
       5
       6
       5
       4
       7
       4
       5
       7
       5
       8
       5
       1
      10
       3
       3
       5
       8
       1
       3
       5
       5
       3
      10
      11
       0
       4
       0
       4
       3
       4
       7
       3
       7
       2
       4
       4
       3
       4
       4
       6
       6
       1
      10
       8
       4
       6
       3
       6
       8
       3
       4
       5
       5
       1
       1
       7
       5
       5
       4
       5
       4
       4
       4
       5
       4
       5
       2
       4
       1
       2
       6
       5
       3
       4
       1
       6
       0
       4
       1
       2
       2
       2
       2
       0
       1
       2
       3
       2
       1
       0
       1
       1
       3
       2
       3
       1
       2
       0
       2
       1
       0
       2
       0
       0
       3
       0
       3
       0
       0
       4
       1
       1
       0
       2
       1
       1
       1
       4
       1
       0
       0
       1
       0
       2
       1
       1
       2
       1
       1
       0
       1
       2
       1
       0
       1
       1
       0
       1
       1
       0
       1
       0
       3
       0
       0
       3
       2
       0
       0
       0
       0
       0
       0
       1
       0
       1
       1
       0
       2
       1
       0
       1
       2
       0
       0
       2
       0
       2
       4
       0
       1
       0
       1
       1
       1
       1
       2
       2
       0
       3
       1
       0
       2
       1
       2
       1
       2
       0
       0
       0
       1
       0
       1
       1
       2
       0
       0
       1
       2
       1
       0
       1
       0
       0
       2
       4
       2
       2
       1
       1
       0
       1
       1
       1
       0
       2
       0
       2
       1
       0
       1
       1
       2
       1
       2
       2
       0
       2
       0
       1
       1
       2
       3
       0
       0
       2
       0
       0
       0
       1
       1
       2
       0
       1
       1
       2
       1
       4
       0
       2
       0
       1
       0
       1
       0
       2
       0
       0
       0
       0
       0
       0
       0
       3
       0
       0
       0
       0
       0
       0
       4
       0
       1
       1
       1
       1
       0
       0
       3
       0
       1
       0
       0
       4
       1
       2
       0
       1
       2
       0
       0
       2
       1
       2
       1
       1
       1
       0
       0
       1
       0
       2
       1
       0
       1
       2
       0
       2
       1
       1
       2
       0
       1
       1
       2
       1
       1
       2
       0
       1
       0
       0
       0
       2
       4
       2
       1
       0
       0
       1
       2
       1
       0
       0
       1
       0
       0
       0
       1
       0
       0
       0
       1
       0
       1
       0
       1
       1
       1
       0
       2
       1
       0
       0
       1
       1
       0
       0
       1
       0
       1
       0
       2
       2
       4
       2
       1
       1
       1
       0
       1
       1
       0
       1
       2
       2
       0
       1
       1
       0
       2
       0
       0
       2
       2
       1
       2
       3
       1
       1
       1
       0
       2
       2
       1
       0
       0
       2
       1
       0
       1
       2
       1
       1
       0
       1
       1
       0
       0
       3
       0
       3
       1
       1
       0
       0
       1
       0
       0
       0
       1
       0
       2
       0
       1
       0
       0
       2
       1
       1
       0
       0
       1
       1
       1
       2
       2
       0
       0
       1
       2
       0
       2
       0
       0
       0
       0
       0
       1
       1
       1
       0
       2
       1
       0
       1
       3
       1
       1
       1
       2
       0
       1
       1
       2
       0
       1
       0
       0
       0
       0
       0
       2
       1
       0
       1
       0
       0
       2
       0
       0
       0
       1
       0
       2
       1
       1
       0
       0
       1
       0
       0
       1
       1
       1
       0
       0
       0
       3
       1
       0
       1
       2
       3
       2
       1
       1
       0
       2
       2
       5
       2
       5
       1
       1
       1
       1
       3
       1
       0
       0
       0
       1
       1
       2
       1
       1
       3
       0
       1
       2
       0
       4
       2
       0
       1
       2
       1
       1
       0
       1
       1
       0
       0
       1
       1
       0
       0
       0
       0
       0
       0
       0
       0
       0
       1
       1
       0
       0
       0
       0
       0
       0
       0
       1
       0
       0
       0
       0
       0
       1
       0
       0
       0
       1
       0
       0
       0
       1
       0
       1
       0
       0
       0
       0
       1
       1
       1
       2
       0
       0
       0
       1
       2
       4
       0
       1
       1
       0
       0
       1
       0
       1
       2
       1
       1
       1
       0
       1
       1
       1
       0
       2
       2
       1
       2
       3
       1
       0
       0
       0
       3
       1
       0
       4
       1
       2
       2
       6
       3
       1
       4
      11
      16
      17
       8
       6
       5
       6
       8
      10
       4
       2
       4
       9
      10
       5
       6
       5
       3
       3
       2
       3
       2
       4
       0
       1
       2
       3
       0
       2
       1
       0
       1
       1
       0
       0
       0
       1
       0
       0
       0
       0
       0
       0
       0
       0
       0
       0
       0
       0
       0
       0
       0
       0
       0
       0
       0
       0
       0
       0
       0
       0
       0
       0
       0
       0
       0
       0
       0
       0
       0
       0
       0
       0
       0
       0
       0
       0
       0
       0
       0
       0
       0
       0
       0
       0
       0
       0
       0
       0
       0
       0
       0
       0
       0
       0
       0
       0
       0
       0
       0
       0
       0
       0
       0
       0
       0
       0
       0
       0
       0
       0
       0
       0
       0
       0
       0
       0
       0
       0
       0
       0
       0
       0
       0
       0
       0
       0
       0
       0
       0
       0
       0
       0
       0
       0
       0
       0
       0
       0
       0
       0
       0
       0
       0
       0
       0
       0
       0
       0
       0
       0
       0
       0
       0
       0
       0
       0
       0
       0
       0
       0
       0
       0
       0
       0
       0
       0
       0
       0
       0
       0
       0
       0
       0
       0
       0
       0
       0
       0
       0
       0
       0
       0
       0
       0
       0
       0
       0
       0
       0
       0
       0
       0
       0
       0
       0
       0
       0
       0
       0
       0
       0
       0
       0
       0
       0
       0
       0
       0
       0
       0
       0
       0
       0
       0
       0
       0
       0
       0
       0
       0
       0
       0
       0
       0
       0
       0
       0
       0
       0
       0
       0
       0
       0
       0
       0
       0
       0
       0
       0
       0
       0
       0
       0
       0
       0
       0
       0
       0
       0
       0
       0
       0
       0
       0
       0
       0
       0
       0
       0
       0
       0
       0
       0
       0
       0
       0
       0
       0
       0
       0
       0
       0
       0
       0
       0
       0
       0
       0
       0
       0
       0
       0
       0
       0
       0
       0
       0
       0
       0
       0
       0
       0
       0
       0
       0
       0
       0
       0
       0
       0
       0
       0
       0
       0
       0
       0
       0
       0
       0
       0
       0
       0
       0
       0
       0
       0
       0
       0
       0
       0
       0
       0
       0
       0
       0
       0
       0
       0
       0
       0
       0
       0
       0
       0
       0
       0
       0
       0
       0
       0
       0
       0
       0
       0
       0
       0
       0
       0
       0
       0
       0
       0
       0
       0
       0
       0
       0
       0
       0
       0
       0
       0
       0
       0
       0
       0
       0
       0
       0
       0
       0
       0
       0
       0
       0
       0
       0
       0
       0
       0
       0
       0
       0
       0
       0
       0
       0
       0
       0
       0
       0
       0
       0
       0
       0
       0
       0
       0
       0
       0
       0
       0
       0
       0
       0
       0
       0
       0
       0
       0
       0
       0
       0
       0
       0
       0
       0
       0
       0
       0
       0
       0
       0
       0
       0
       0
       0
       0
       0
       0
       0
       0
       0
       0
       0
       0
       0
       0
       0
       0
       0
       0
       0
       0
       0
       0
       0
       0
       0
       0
       0
       0
       0
       0
       0
       0
       0
       0
       0
       0
       0
       0
       0
       0
       0
       0
       0
       0
       0
       0
       0
       0
       0
       0
       0
       0
       0
       0
       0
       0
       0
       0
       0
       0
       0
       0
       0
       0
       0
       0
       0
       0
       0
       0
       0
       0
       0
       0
       0
       0
       0
       0
       0
       0
       0
       0
       0
       0
       0
       0
       0
       0
       0
       0
       0
       0
       0
       0
       0
       0
       0
       0
       0
       0
       0
       0
       0
       0
       0
       0
       0
       0
       0
       0
       0
       0
       0
       0
       0
       0
       0
       0
       0
       0
       0
       0
       0
       0
       0
       0
       0
       0
       0
       0
       0
       0
       0
       0
       0
       0
       0
       0
       0
       0
       0
       0
       0
       0
       0
       0
       0
       0
       0
       0
       0
       0
       0
       0
       0
       0
       0
       0
       0
       0
       0
       0
       0
       0
       0
       0
       0
       0
       0
       0
       0
       0
       0
       0
       0
       0
       0
       0
       0
       0
       0
       0
       0
       0
       0
       0
       0
       0
       0
       0
       0
       0
       0
       0
       0
       0
       0
       0
       0
       0
       0
       0
       0
       0
       0
       0
       0
       0
       0
       0
       0
       0
       0
       0
       0
       0
       0
       0
       0
       0
       0
       0
       0
       0
       0
       0
       0
       0
       0
       0
       0
       0
       0
       0
$ROI:
1
1297 1591
$PRESETS:
Real Time
300
0
$ENER_FIT:
-14.559913 0.471242
$MCA_CAL:
3
-1.455991E+001 4.712425E-001 0.000000E+000 keV
$SHAPE_CAL:
3
1.284168E+002 -2.797580E-002 0.000000E+000
