$SPEC_ID:
Pulser
$SPEC_REM:
DET# 2
DETDESC# NUCLEAR-PC MCB 129 Input 2
AP# Maestro Version 6.08
$DATE_MEA:
02/05/2021 13:23:25
$MEAS_TIM:
287 300
$DATA:
0 4095
       0
       0
       0
       0
       0
       0
       0
       0
       0
       0
       0
       0
       0
       0
       0
       0
       0
       0
       0
       0
       0
       0
       0
       0
       0
       0
       0
       0
       0
       0
       0
       0
       0
       0
       0
       0
       0
       0
       0
       0
       0
       0
       0
       0
       0
       0
       0
      10
     166
     157
     167
     187
     183
     189
     177
     133
     160
     166
     162
     167
     155
     187
     168
     213
     183
     199
     209
     186
     206
     207
     216
     208
     212
     229
     196
     189
     191
     210
     210
     186
     194
     224
     176
     182
     203
     190
     202
     161
     192
     175
     192
     178
     195
     186
     178
     171
     186
     201
     169
     182
     181
     207
     202
     209
     191
     181
     207
     214
     222
     189
     198
     194
     209
     203
     187
     207
     216
     185
     210
     168
     190
     217
     207
     212
     197
     189
     213
     214
     220
     227
     199
     180
     207
     197
     230
     218
     212
     230
     217
     223
     227
     217
     235
     244
     261
     258
     240
     221
     231
     258
     260
     248
     264
     268
     279
     262
     293
     273
     295
     283
     294
     325
     317
     302
     311
     335
     326
     339
     379
     397
     430
     392
     387
     439
     426
     486
     464
     523
     484
     505
     512
     511
     532
     517
     515
     523
     469
     502
     456
     466
     485
     479
     461
     446
     452
     426
     439
     427
     385
     407
     428
     414
     371
     387
     390
     391
     373
     360
     357
     357
     401
     327
     353
     367
     324
     325
     324
     352
     316
     334
     310
     307
     302
     329
     288
     295
     291
     320
     271
     285
     291
     299
     305
     280
     288
     292
     300
     299
     285
     263
     263
     314
     272
     281
     287
     309
     312
     288
     278
     295
     327
     271
     299
     277
     267
     277
     299
     295
     295
     302
     287
     302
     296
     314
     291
     312
     322
     281
     312
     293
     312
     320
     310
     306
     303
     309
     333
     273
     312
     297
     317
     313
     268
     317
     285
     280
     283
     322
     309
     326
     284
     310
     296
     297
     306
     332
     290
     348
     329
     310
     287
     306
     324
     327
     295
     317
     317
     314
     322
     321
     317
     322
     324
     318
     308
     307
     295
     296
     315
     292
     311
     321
     311
     317
     327
     316
     335
     331
     295
     295
     309
     312
     343
     351
     323
     332
     334
     293
     296
     343
     357
     322
     348
     314
     319
     334
     329
     312
     307
     331
     346
     333
     349
     332
     342
     306
     357
     351
     314
     308
     334
     307
     312
     329
     353
     341
     343
     338
     312
     324
     311
     342
     335
     333
     326
     354
     357
     334
     341
     336
     371
     367
     315
     320
     341
     369
     362
     381
     368
     359
     338
     328
     378
     387
     351
     402
     405
     412
     372
     395
     395
     393
     448
     421
     394
     438
     425
     403
     414
     387
     458
     426
     434
     436
     457
     448
     468
     450
     529
     457
     491
     456
     433
     481
     466
     415
     440
     505
     439
     454
     461
     485
     450
     430
     433
     426
     444
     436
     449
     452
     453
     420
     433
     377
     424
     426
     403
     443
     414
     390
     392
     411
     427
     423
     391
     421
     416
     376
     391
     412
     423
     365
     358
     394
     387
     371
     375
     328
     390
     369
     366
     374
     360
     362
     338
     380
     369
     318
     358
     371
     354
     321
     305
     325
     313
     355
     311
     327
     324
     344
     305
     351
     333
     305
     332
     352
     317
     327
     312
     333
     312
     300
     313
     320
     285
     313
     301
     276
     307
     290
     304
     265
     275
     295
     292
     281
     274
     287
     275
     309
     300
     297
     271
     258
     292
     266
     306
     270
     306
     275
     271
     270
     270
     284
     255
     253
     248
     290
     266
     229
     267
     242
     266
     274
     252
     257
     267
     249
     256
     254
     267
     273
     267
     263
     256
     239
     265
     217
     252
     223
     247
     237
     229
     250
     248
     230
     232
     238
     249
     246
     255
     262
     239
     220
     246
     250
     230
     254
     221
     210
     233
     214
     236
     223
     230
     236
     236
     232
     213
     236
     208
     210
     210
     220
     209
     247
     229
     228
     231
     235
     233
     209
     243
     249
     228
     217
     223
     212
     223
     245
     211
     191
     228
     213
     226
     210
     207
     217
     196
     200
     226
     223
     223
     230
     202
     213
     187
     210
     204
     230
     212
     205
     202
     214
     215
     223
     205
     223
     213
     208
     206
     213
     221
     214
     208
     190
     217
     223
     219
     183
     208
     191
     224
     198
     231
     189
     214
     211
     210
     176
     184
     205
     202
     202
     215
     197
     198
     212
     191
     190
     198
     226
     208
     207
     190
     191
     208
     191
     183
     200
     176
     194
     205
     198
     202
     204
     160
     189
     217
     182
     215
     221
     239
     178
     221
     186
     193
     188
     187
     214
     171
     217
     212
     208
     208
     211
     185
     211
     188
     198
     221
     182
     213
     216
     196
     210
     215
     209
     195
     216
     181
     203
     160
     159
     183
     227
     212
     168
     180
     190
     196
     170
     202
     190
     189
     194
     187
     195
     182
     200
     206
     180
     211
     184
     210
     185
     179
     192
     179
     185
     173
     193
     198
     205
     193
     176
     202
     186
     173
     194
     180
     190
     208
     195
     190
     164
     201
     188
     163
     174
     183
     181
     196
     197
     210
     175
     173
     183
     199
     174
     180
     176
     167
     221
     192
     172
     193
     192
     196
     190
     182
     164
     166
     165
     185
     187
     173
     185
     167
     182
     186
     176
     165
     185
     173
     179
     193
     185
     192
     173
     168
     196
     177
     191
     179
     172
     183
     180
     163
     169
     156
     197
     165
     173
     167
     171
     164
     194
     175
     181
     168
     151
     167
     193
     181
     170
     210
     167
     169
     201
     157
     171
     183
     182
     192
     201
     135
     167
     186
     192
     198
     172
     179
     170
     165
     195
     185
     174
     184
     178
     185
     181
     210
     185
     172
     183
     175
     185
     196
     184
     156
     167
     176
     180
     176
     180
     173
     187
     184
     164
     213
     162
     162
     173
     191
     151
     180
     182
     161
     182
     189
     199
     185
     183
     187
     183
     182
     196
     188
     188
     172
     176
     189
     187
     164
     174
     159
     172
     193
     179
     152
     173
     171
     174
     191
     179
     185
     191
     190
     199
     160
     200
     206
     176
     185
     210
     160
     198
     190
     156
     181
     168
     205
     191
     171
     179
     192
     149
     178
     180
     183
     171
     165
     184
     181
     155
     175
     206
     173
     171
     196
     177
     161
     178
     196
     166
     162
     170
     160
     173
     162
     167
     166
     156
     179
     172
     150
     150
     191
     161
     160
     148
     163
     147
     176
     170
     161
     140
     157
     138
     172
     141
     162
     131
     154
     138
     166
     150
     151
     137
     152
     134
     132
     148
     121
     117
     130
     129
     117
     128
     139
     125
     130
     134
     116
     114
     108
     113
     121
     120
     121
     120
     109
     126
     114
     114
     104
     109
     117
      97
     108
     102
      91
      91
     101
     113
      96
      88
      95
     104
      86
      95
     120
      81
      82
      88
      83
      81
      93
      84
      82
      82
      86
      77
      77
      87
      76
      79
      73
      92
      78
      73
      64
      68
      70
      70
      67
      65
      89
      56
      88
      66
      58
      70
      64
      71
      60
      66
      60
      50
      57
      60
      71
      46
      72
      50
      49
      62
      50
      48
      61
      63
      62
      62
      63
      56
      57
      51
      50
      44
      69
      43
      48
      53
      63
      50
      49
      54
      56
      53
      39
      46
      51
      57
      47
      47
      50
      50
      59
      54
      53
      42
      52
      45
      41
      48
      51
      50
      30
      32
      50
      44
      47
      34
      38
      45
      35
      46
      38
      45
      36
      31
      38
      42
      33
      48
      47
      41
      46
      37
      38
      39
      31
      39
      32
      42
      38
      41
      49
      36
      31
      38
      26
      29
      31
      33
      35
      35
      43
      38
      28
      33
      31
      30
      30
      32
      28
      18
      25
      27
      28
      25
      44
      35
      35
      34
      45
      33
      41
      32
      31
      34
      23
      37
      27
      37
      26
      36
      34
      26
      27
      25
      30
      29
      28
      35
      30
      26
      28
      21
      23
      26
      21
      27
      36
      18
      20
      31
      24
      29
      31
      32
      27
      25
      24
      23
      29
      19
      28
      26
      26
      23
      24
      21
      20
      25
      24
      21
      25
      30
      26
      19
      26
      20
      25
      23
      25
      36
      21
      26
      32
      34
      20
      35
      17
      26
      30
      26
      28
      21
      23
      28
      18
      27
      26
      27
      22
      29
      24
      18
      33
      36
      36
      28
      24
      24
      28
      23
      31
      30
      19
      23
      14
      20
      16
      31
      22
      19
      20
      38
      26
      24
      22
      12
      37
      31
      28
      31
      25
      28
      25
      26
      30
      31
      33
      25
      31
      38
      40
      33
      38
      32
      36
      25
      43
      33
      43
      40
      44
      35
      37
      42
      43
      27
      38
      37
      59
      52
      46
      57
      52
      69
      65
      46
      48
      67
      64
      56
      71
      54
      73
      84
      73
      60
      67
      78
      96
      88
     100
     100
      88
      95
      95
     116
     124
     111
     130
     131
     153
     121
     138
     149
     138
     144
     181
     156
     163
     181
     182
     189
     190
     182
     185
     193
     190
     201
     221
     203
     244
     248
     222
     231
     262
     259
     271
     267
     271
     309
     279
     312
     335
     330
     301
     340
     373
     380
     381
     405
     425
     403
     410
     394
     417
     397
     448
     476
     456
     529
     492
     513
     519
     509
     531
     526
     501
     596
     564
     583
     635
     618
     650
     635
     648
     671
     680
     644
     658
     676
     766
     725
     756
     697
     784
     749
     754
     785
     774
     786
     786
     815
     761
     817
     804
     798
     858
     881
     901
     815
     859
     873
     927
     875
     847
     879
     902
     924
     948
     907
     932
     932
     915
     900
     922
     938
     953
     898
     907
     942
    1005
     891
     920
     974
     961
     904
     938
     978
     929
     975
     904
     960
     905
     932
     856
     881
     882
     912
     906
     863
     887
     834
     811
     882
     845
     812
     801
     857
     812
     752
     802
     777
     756
     745
     732
     763
     744
     775
     690
     653
     671
     651
     626
     627
     633
     598
     634
     612
     578
     546
     560
     548
     544
     529
     518
     466
     489
     432
     476
     452
     423
     410
     445
     420
     379
     376
     412
     357
     363
     368
     355
     334
     315
     308
     312
     259
     294
     268
     292
     233
     264
     221
     232
     237
     215
     226
     218
     188
     211
     176
     169
     174
     167
     150
     144
     143
     137
     115
     114
     113
     104
     118
     103
     113
      87
     113
      90
      98
      91
      81
      66
      69
      72
      61
      66
      54
      49
      57
      54
      63
      41
      51
      37
      33
      44
      40
      32
      38
      34
      37
      33
      30
      31
      19
      21
      29
      19
      17
      26
      16
      22
      27
      12
      19
      10
      13
      16
      16
      18
      11
       6
      10
      10
       8
       7
      16
       6
       6
       4
      11
       9
       5
      10
       6
       6
      14
       4
      11
       4
       6
       3
       6
       6
       6
       0
       4
       6
       6
       5
       6
       9
       3
       5
       4
       3
       3
       8
       4
       3
       8
       5
       9
       3
       6
       4
       2
       4
       5
       4
       3
       4
       5
       2
       8
       5
       6
       5
       2
       7
       3
       4
       8
       4
       8
       3
       4
       5
       3
       3
       8
       3
       3
       4
       4
       4
       2
       3
       7
       4
       4
       4
       4
       2
       2
       3
       4
       3
       5
       3
       3
       2
       4
       3
       2
       2
       2
       2
       5
       3
       1
       6
       2
       5
       1
       5
       3
       5
       4
       5
       5
       3
       0
       6
       6
       4
       6
       4
       2
       2
       4
       1
       2
       3
       1
       6
       5
       7
       3
       0
       7
       6
       4
       5
       3
       3
       3
       3
       4
       2
       4
       2
       4
       3
       3
       0
       3
       6
       1
       3
       2
       3
       4
       4
       2
       2
       5
       5
       1
       3
       3
       3
       6
       5
       2
       1
       4
       9
       2
       7
       4
       1
       3
       5
       5
       2
       5
       5
       3
       5
       8
       3
       1
       6
       3
       2
       3
       3
       1
       5
       7
       6
       4
       1
       2
       2
       3
       3
       5
       1
       1
       4
       5
       2
       3
       1
       1
       3
       1
       4
       3
       2
       1
       2
       3
       2
       1
       4
       3
       3
       2
       4
       4
       4
       3
       2
       3
       5
       4
       1
       3
       2
       3
       4
       5
       3
       4
       4
       3
       3
       1
       3
       3
       2
       3
       4
       4
       3
       3
       3
       2
       4
       2
       4
       2
       6
       5
       3
       4
       2
       4
       3
       1
       2
       1
       4
       4
       5
       0
       4
       5
       5
       3
       8
       0
       3
       3
       3
       3
       2
       2
       2
       1
       2
       4
       3
       3
       3
       2
       3
       3
       6
       4
       5
       6
       3
       1
       1
       4
       3
       1
       4
       1
       0
       2
       4
       1
       2
       2
       2
       3
       2
       4
       0
       5
       5
       4
       4
       4
       2
       3
       1
       3
       3
       0
       3
       1
       2
       1
       4
       3
       4
       0
       0
       4
       6
       1
       4
       1
       1
       3
       2
       2
       3
       3
       4
       5
       5
       1
       3
       4
       4
       1
       4
       4
       0
       1
       3
       2
       2
       5
       4
       3
       2
       2
       3
       1
       6
       3
       3
       7
       2
       1
       7
       6
       1
       4
       0
       0
       2
       1
       2
       0
       0
       3
       1
       3
       1
       3
       3
       4
       2
       2
       1
       2
       2
       3
       1
       1
       3
       1
       2
       2
       3
       3
       0
       3
       5
       3
       2
       2
       2
       2
       2
       3
       4
       0
       6
       1
       3
       3
       3
       4
       4
       2
       1
       3
       1
       0
       0
       4
       3
       2
       4
       2
       4
       1
       3
       1
       2
       4
       5
       0
       4
       1
       3
       1
       4
       1
       0
       3
       5
       2
       4
       1
       4
       2
       2
       4
       3
       2
       3
       5
       3
       2
       0
       2
       1
       3
       1
       2
       3
       1
       1
       3
       1
       3
       3
       2
       2
       1
       1
       4
       0
       0
       0
       4
       2
       7
       2
       2
       1
       4
       5
       4
       3
       2
       3
       3
       3
       1
       0
       2
       5
       5
       1
       3
       3
       1
       1
       2
       2
       0
       0
       2
       2
       3
       4
       1
       0
       3
       0
       4
       1
       1
       7
       0
       3
       1
       2
       3
       0
       1
       2
       3
       0
       6
       3
       6
       2
       6
       1
       1
       2
       1
       3
       3
       4
       1
       4
       1
       2
       4
       2
       3
       4
       2
       3
       5
       1
       0
       1
       4
       3
       2
       2
       1
       4
       0
       1
       1
       2
       4
       2
       1
       3
       1
       0
       1
       1
       2
       3
       3
       1
       1
       2
       3
       1
       2
       3
       7
       0
       1
       0
       1
       3
       2
       4
       2
       3
       2
       0
       1
       0
       5
       1
       2
       3
       2
       4
       3
       2
       3
       3
       2
       3
       2
       2
       2
       1
       1
       1
       1
       1
       0
       2
       2
       1
       2
       3
       1
       1
       3
       2
       4
       4
       0
       1
       0
       2
       4
       3
       3
       2
       3
       2
       2
       1
       1
       1
       3
       1
       3
       5
       3
       0
       1
       2
       3
       1
       1
       1
       1
       4
       2
       1
       0
       0
       1
       3
       1
       3
       3
       2
       0
       2
       2
       2
       2
       0
       0
       4
       0
       0
       0
       2
       2
       3
       1
       3
       2
       2
       3
       1
       0
       1
       2
       1
       2
       1
       0
       0
       0
       1
       1
       2
       2
       1
       0
       2
       0
       1
       3
       2
       0
       0
       1
       0
       1
       4
       0
       1
       0
       1
       1
       2
       1
       0
       2
       0
       0
       1
       1
       2
       0
       1
       1
       1
       0
       4
       0
       1
       0
       2
       2
       1
       1
       2
       2
       1
       1
       3
       0
       0
       0
       1
       2
       1
       1
       1
       3
       1
       1
       1
       0
       3
       1
       0
       0
       1
       0
       0
       3
       0
       3
       2
       1
       2
       0
       2
       1
       0
       2
       0
       1
       2
       3
       2
       1
       1
       3
       3
       3
       3
       4
       1
       1
       2
       3
       0
       2
       2
       0
       0
       5
       2
       0
       3
       1
       2
       0
       2
       1
       2
       2
       0
       4
       2
       3
       1
       1
       5
       1
       1
       0
       2
       2
       0
       4
       0
       0
       1
       1
       0
       0
       0
       1
       1
       1
       1
       1
       2
       1
       0
       3
       2
       2
       2
       1
       0
       2
       4
       2
       3
       0
       0
       0
       0
       5
       3
       1
       1
       2
       0
       0
       0
       3
       0
       1
       3
       2
       1
       1
       1
       3
       2
       4
       0
       3
       2
       2
       0
       1
       0
       2
       3
       1
       1
       0
       0
       2
       1
       5
       0
       2
       3
       1
       3
       1
       0
       1
       1
       6
       0
       2
       0
       1
       1
       2
       2
       2
       0
       3
       1
       0
       1
       2
       0
       0
       3
       1
       1
       1
       3
       0
       4
       2
       2
       1
       1
       0
       0
       1
       1
       2
       1
       2
       2
       1
       1
       0
       1
       2
       0
       1
       2
       0
       4
       2
       0
       0
       2
       3
       0
       3
       1
       1
       1
       0
       0
       1
       2
       0
       1
       2
       2
       0
       2
       1
       0
       0
       0
       0
       2
       3
       1
       2
       2
       0
       4
       1
       2
       1
       1
       1
       4
       0
       0
       1
       0
       0
       1
       0
       3
       2
       2
       2
       2
       0
       1
       1
       1
       0
       0
       2
       2
       2
       4
       2
       2
       2
       3
       0
       2
       1
       0
       3
       0
       2
       0
       2
       0
       2
       1
       2
       4
       1
       3
       2
       3
       1
       2
       3
       0
       5
       0
       4
       1
       2
       1
       3
       1
       4
       1
       0
       2
       1
       0
       1
       1
       4
       2
       2
       0
       1
       0
       4
       2
       2
       2
       3
       1
       0
       1
       2
       1
       2
       2
       2
       1
       2
       2
       1
       1
       5
       3
       3
       2
       1
       7
       1
       2
       0
       2
       2
       6
       2
       1
       1
       1
       3
       2
       1
       1
       2
       2
       0
       3
       2
       1
       2
       2
       3
       0
       0
       2
       2
       3
       2
       1
       1
       2
       1
       1
       3
       1
       1
       1
       2
       1
       3
       1
       1
       1
       2
       2
       4
       2
       0
       2
       3
       3
       1
       2
       1
       1
       0
       3
       2
       1
       3
       2
       2
       5
       2
       1
       0
       1
       2
       1
       2
       0
       1
       3
       4
       1
       3
       2
       1
       3
       1
       4
       3
       0
       1
       3
       2
       0
       4
       3
       4
       3
       3
       5
       3
       5
       4
       2
       1
       2
       2
       1
       5
       9
       4
       3
       5
       2
       8
       7
       2
       2
       1
       2
       4
       2
       4
       6
       0
       4
       3
       5
       1
       5
       5
       4
       5
       5
       7
       1
       3
       4
       3
       2
       3
       6
      13
       7
       7
       7
       3
       1
       2
       1
       4
       8
       4
       4
       4
       3
       4
      10
       7
       6
       5
       4
       4
       4
       8
       5
       8
       4
       4
       4
       3
       5
       6
       6
       6
       5
       4
       3
       3
       2
       8
       1
       4
       7
       5
       7
       5
       4
       5
       1
       4
       2
       5
       3
       3
       2
       5
       2
       4
       2
       1
       3
       2
       4
       1
       0
       0
       2
       2
       0
       1
       2
       3
       1
       0
       1
       1
       2
       1
       0
       3
       2
       2
       4
       1
       1
       0
       1
       1
       0
       0
       0
       1
       0
       1
       1
       2
       2
       2
       0
       0
       0
       0
       1
       0
       0
       2
       0
       0
       1
       0
       0
       1
       1
       4
       1
       0
       3
       2
       0
       1
       1
       0
       0
       1
       1
       0
       0
       0
       2
       0
       3
       2
       1
       0
       1
       0
       2
       1
       0
       1
       1
       1
       2
       1
       0
       0
       0
       0
       1
       1
       2
       1
       0
       1
       1
       1
       1
       1
       2
       0
       3
       2
       3
       2
       4
       0
       0
       0
       2
       1
       0
       0
       2
       1
       0
       1
       1
       2
       2
       1
       3
       3
       1
       0
       2
       3
       1
       0
       1
       2
       2
       1
       0
       1
       1
       1
       0
       0
       1
       0
       0
       0
       2
       1
       3
       0
       2
       0
       1
       2
       1
       1
       1
       1
       0
       1
       1
       1
       0
       3
       0
       1
       4
       0
       1
       0
       1
       0
       0
       0
       0
       2
       0
       1
       1
       0
       1
       1
       1
       0
       0
       1
       1
       3
       1
       0
       0
       1
       1
       0
       0
       0
       0
       0
       1
       1
       2
       0
       2
       0
       0
       1
       0
       1
       1
       0
       2
       0
       0
       0
       0
       0
       2
       0
       1
       1
       0
       0
       1
       1
       1
       0
       0
       2
       2
       1
       0
       0
       0
       1
       0
       0
       0
       0
       0
       1
       0
       1
       2
       0
       0
       0
       0
       0
       0
       1
       0
       0
       1
       1
       0
       3
       1
       2
       0
       1
       0
       0
       3
       0
       0
       0
       0
       2
       0
       0
       1
       0
       0
       0
       1
       1
       0
       1
       0
       0
       3
       1
       0
       0
       2
       2
       1
       1
       0
       0
       1
       2
       0
       0
       1
       0
       0
       2
       1
       2
       0
       1
       0
       4
       0
       0
       1
       0
       4
       4
       2
       0
       1
       2
       1
       1
       0
       0
       1
       0
       0
       3
       2
       0
       0
       0
       1
       1
       0
       3
       0
       3
       3
       0
       0
       0
       3
       0
       0
       1
       3
       1
       2
       0
       1
       0
       0
       0
       1
       2
       1
       1
       2
       1
       1
       0
       1
       0
       1
       1
       0
       0
       0
       3
       0
       2
       0
       0
       0
       1
       0
       1
       1
       1
       0
       1
       1
       0
       1
       0
       0
       0
       0
       1
       0
       0
       2
       1
       0
       0
       0
       1
       2
       0
       0
       0
       0
       1
       0
       1
       0
       1
       0
       1
       1
       0
       1
       0
       0
       0
       0
       0
       1
       0
       1
       0
       0
       0
       0
       1
       1
       1
       0
       1
       1
       2
       1
       0
       1
       2
       0
       0
       1
       4
       1
       2
       0
       2
       3
       1
       5
       3
       3
       1
       4
       2
       3
       1
       3
       3
       3
       1
       2
       2
       1
       0
       1
       0
       1
       1
       0
       4
       0
       0
       0
       0
       0
       0
       0
       0
       0
       0
       0
       0
       0
       0
       2
       0
       1
       0
       0
       0
       0
       0
       0
       1
       0
       0
       0
       1
       0
       0
       0
       0
       1
       1
       0
       0
       0
       0
       0
       0
       0
       1
       0
       1
       0
       1
       2
       0
       1
       2
       0
       0
       1
       2
       0
       0
       0
       0
       0
       1
       2
       1
       0
       1
       0
       0
       1
       0
       1
       0
       1
       1
       0
       0
       2
       4
       0
       1
       1
       2
       2
       0
       1
       1
       2
       2
       2
       2
       3
       0
       1
       2
       1
       2
       2
       3
       3
      12
      14
      14
      10
      12
       5
      11
      10
      11
       9
       7
       4
       9
       4
       2
       2
       1
       5
       3
       3
       4
       4
       4
       4
       2
       4
       1
       2
       1
       0
       1
       2
       0
       0
       1
       0
       0
       0
       0
       0
       0
       0
       0
       0
       0
       0
       0
       0
       0
       0
       0
       0
       0
       0
       0
       0
       0
       0
       0
       0
       0
       0
       0
       0
       0
       0
       0
       0
       0
       0
       0
       0
       0
       0
       0
       0
       0
       0
       0
       0
       0
       0
       0
       0
       0
       0
       0
       0
       0
       0
       0
       0
       0
       0
       0
       0
       0
       0
       0
       0
       0
       0
       0
       0
       0
       0
       0
       0
       0
       0
       0
       0
       0
       0
       0
       0
       0
       0
       0
       0
       0
       0
       0
       0
       0
       0
       0
       0
       0
       0
       0
       0
       0
       0
       0
       0
       0
       0
       0
       0
       0
       0
       0
       0
       0
       0
       0
       0
       0
       0
       0
       0
       0
       0
       0
       0
       0
       0
       0
       0
       0
       0
       0
       0
       0
       0
       0
       0
       0
       0
       0
       0
       0
       0
       0
       0
       0
       0
       0
       0
       0
       0
       0
       0
       0
       0
       0
       0
       0
       0
       0
       0
       0
       0
       0
       0
       0
       0
       0
       0
       0
       0
       0
       0
       0
       0
       0
       0
       0
       0
       0
       0
       0
       0
       0
       0
       0
       0
       0
       0
       0
       0
       0
       0
       0
       0
       0
       0
       0
       0
       0
       0
       0
       0
       0
       0
       0
       0
       0
       0
       0
       0
       0
       0
       0
       0
       0
       0
       0
       0
       0
       0
       0
       0
       0
       0
       0
       0
       0
       0
       0
       0
       0
       0
       0
       0
       0
       0
       0
       0
       0
       0
       0
       0
       0
       0
       0
       0
       0
       0
       0
       0
       0
       0
       0
       0
       0
       0
       0
       0
       0
       0
       0
       0
       0
       0
       0
       0
       0
       0
       0
       0
       0
       0
       0
       0
       0
       0
       0
       0
       0
       0
       0
       0
       0
       0
       0
       0
       0
       0
       0
       0
       0
       0
       0
       0
       0
       0
       0
       0
       0
       0
       0
       0
       0
       0
       0
       0
       0
       0
       0
       0
       0
       0
       0
       0
       0
       0
       0
       0
       0
       0
       0
       0
       0
       0
       0
       0
       0
       0
       0
       0
       0
       0
       0
       0
       0
       0
       0
       0
       0
       0
       0
       0
       0
       0
       0
       0
       0
       0
       0
       0
       0
       0
       0
       0
       0
       0
       0
       0
       0
       0
       0
       0
       0
       0
       0
       0
       0
       0
       0
       0
       0
       0
       0
       0
       0
       0
       0
       0
       0
       0
       0
       0
       0
       0
       0
       0
       0
       0
       0
       0
       0
       0
       0
       0
       0
       0
       0
       0
       0
       0
       0
       0
       0
       0
       0
       0
       0
       0
       0
       0
       0
       0
       0
       0
       0
       0
       0
       0
       0
       0
       0
       0
       0
       0
       0
       0
       0
       0
       0
       0
       0
       0
       0
       0
       0
       0
       0
       0
       0
       0
       0
       0
       0
       0
       0
       0
       0
       0
       0
       0
       0
       0
       0
       0
       0
       0
       0
       0
       0
       0
       0
       0
       0
       0
       0
       0
       0
       0
       0
       0
       0
       0
       0
       0
       0
       0
       0
       0
       0
       0
       0
       0
       0
       0
       0
       0
       0
       0
       0
       0
       0
       0
       0
       0
       0
       0
       0
       0
       0
       0
       0
       0
       0
       0
       0
       0
       0
       0
       0
       0
       0
       0
       0
       0
       0
       0
       0
       0
       0
       0
       0
       0
       0
       0
       0
       0
       0
       0
       0
       0
       0
       0
       0
       0
       0
       0
       0
       0
       0
       0
       0
       0
       0
       0
       0
       0
       0
       0
       0
       0
       0
       0
       0
       0
       0
       0
       0
       0
       0
       0
       0
       0
       0
       0
       0
       0
       0
       0
       0
       0
       0
       0
       0
       0
       0
       0
       0
       0
       0
       0
       0
       0
       0
       0
       0
       0
       0
       0
       0
       0
       0
       0
       0
       0
       0
       0
       0
       0
       0
       0
       0
       0
       0
       0
       0
       0
       0
       0
       0
       0
       0
       0
       0
       0
       0
       0
       0
       0
       0
       0
       0
       0
       0
       0
       0
       0
       0
$ROI:
1
1297 1591
$PRESETS:
Real Time
300
0
$ENER_FIT:
-14.559913 0.471242
$MCA_CAL:
3
-1.455991E+001 4.712425E-001 0.000000E+000 keV
$SHAPE_CAL:
3
1.284168E+002 -2.797580E-002 0.000000E+000
