$SPEC_ID:
Pulser
$SPEC_REM:
DET# 2
DETDESC# NUCLEAR-PC MCB 129 Input 2
AP# Maestro Version 6.08
$DATE_MEA:
02/05/2021 12:59:37
$MEAS_TIM:
287 300
$DATA:
0 4095
       0
       0
       0
       0
       0
       0
       0
       0
       0
       0
       0
       0
       0
       0
       0
       0
       0
       0
       0
       0
       0
       0
       0
       0
       0
       0
       0
       0
       0
       0
       0
       0
       0
       0
       0
       0
       0
       0
       0
       0
       0
       0
       0
       0
       0
       0
       0
      21
     147
     185
     159
     162
     146
     180
     181
     168
     170
     196
     190
     181
     190
     184
     182
     184
     177
     170
     201
     210
     195
     164
     202
     217
     199
     192
     195
     177
     194
     203
     206
     175
     197
     220
     192
     193
     207
     172
     200
     218
     213
     193
     196
     196
     198
     202
     185
     209
     188
     191
     201
     213
     187
     190
     201
     188
     208
     198
     183
     201
     189
     210
     185
     183
     191
     196
     207
     200
     203
     198
     188
     192
     197
     210
     192
     201
     215
     225
     232
     207
     225
     177
     243
     197
     222
     180
     209
     229
     243
     217
     231
     240
     213
     255
     214
     253
     234
     212
     228
     203
     233
     216
     266
     254
     257
     238
     272
     255
     262
     248
     286
     285
     327
     288
     293
     267
     298
     308
     355
     318
     324
     343
     368
     309
     371
     373
     411
     407
     397
     415
     397
     404
     464
     454
     453
     450
     425
     439
     419
     452
     402
     434
     422
     420
     386
     373
     400
     398
     362
     362
     392
     340
     328
     373
     372
     347
     354
     359
     353
     339
     319
     340
     327
     310
     333
     338
     344
     347
     354
     335
     322
     331
     340
     299
     302
     286
     284
     270
     298
     296
     281
     282
     303
     320
     292
     292
     302
     283
     305
     289
     307
     298
     306
     270
     273
     274
     295
     287
     288
     274
     304
     279
     267
     276
     300
     306
     315
     310
     311
     306
     295
     325
     273
     306
     285
     303
     289
     299
     302
     291
     275
     326
     314
     310
     309
     301
     315
     325
     321
     307
     301
     316
     318
     329
     281
     319
     318
     301
     336
     319
     296
     344
     304
     309
     320
     335
     310
     288
     301
     291
     334
     361
     326
     308
     336
     351
     277
     323
     321
     342
     336
     329
     335
     329
     290
     317
     328
     338
     336
     325
     314
     321
     318
     341
     304
     290
     329
     339
     296
     328
     297
     312
     299
     313
     319
     334
     321
     313
     343
     339
     316
     306
     344
     338
     335
     322
     331
     334
     344
     321
     284
     314
     331
     330
     313
     325
     313
     332
     333
     312
     352
     332
     331
     310
     325
     341
     290
     340
     324
     339
     344
     317
     330
     335
     352
     363
     339
     350
     335
     334
     359
     333
     363
     359
     385
     344
     392
     341
     371
     359
     363
     389
     354
     406
     375
     385
     398
     421
     380
     373
     372
     399
     376
     379
     426
     436
     440
     427
     409
     413
     438
     459
     454
     479
     461
     469
     449
     456
     462
     434
     449
     441
     462
     491
     402
     469
     484
     453
     464
     441
     423
     474
     477
     437
     452
     424
     489
     462
     448
     458
     399
     435
     437
     419
     445
     441
     461
     425
     451
     426
     473
     466
     397
     390
     399
     398
     392
     393
     384
     407
     396
     440
     410
     408
     418
     393
     376
     387
     380
     340
     373
     405
     335
     358
     384
     366
     347
     416
     375
     379
     365
     340
     372
     339
     339
     365
     319
     374
     370
     329
     348
     333
     334
     315
     353
     338
     331
     322
     313
     331
     318
     324
     331
     314
     308
     318
     287
     318
     284
     305
     309
     297
     307
     320
     271
     315
     305
     281
     270
     284
     300
     262
     287
     254
     312
     291
     259
     286
     257
     287
     278
     275
     257
     243
     240
     272
     280
     278
     266
     271
     252
     263
     280
     282
     261
     239
     257
     228
     250
     267
     244
     246
     243
     258
     250
     248
     246
     257
     240
     235
     260
     231
     262
     244
     236
     253
     234
     258
     238
     223
     205
     240
     252
     239
     236
     231
     258
     249
     234
     245
     238
     244
     227
     228
     240
     244
     239
     249
     221
     229
     236
     227
     226
     236
     211
     232
     234
     216
     224
     240
     237
     218
     216
     209
     222
     222
     240
     209
     221
     214
     236
     235
     231
     217
     236
     213
     229
     231
     214
     223
     221
     222
     229
     200
     192
     241
     208
     220
     226
     228
     193
     231
     214
     215
     200
     214
     205
     235
     215
     190
     212
     190
     197
     232
     247
     188
     177
     242
     191
     201
     192
     194
     190
     194
     175
     209
     202
     208
     179
     184
     180
     203
     206
     202
     209
     198
     211
     227
     225
     187
     201
     186
     183
     195
     182
     193
     219
     192
     200
     208
     193
     192
     182
     178
     194
     195
     184
     185
     191
     202
     177
     182
     193
     190
     209
     204
     192
     200
     194
     191
     210
     200
     195
     196
     197
     178
     163
     185
     175
     182
     183
     177
     174
     204
     190
     204
     196
     192
     187
     225
     187
     204
     183
     197
     180
     188
     183
     179
     188
     173
     161
     189
     193
     194
     189
     180
     163
     207
     184
     167
     182
     175
     200
     192
     167
     187
     186
     166
     201
     197
     180
     204
     177
     182
     180
     170
     172
     206
     189
     176
     193
     205
     185
     170
     174
     197
     168
     160
     168
     178
     200
     175
     161
     160
     165
     171
     158
     176
     148
     189
     182
     171
     190
     187
     169
     178
     176
     176
     172
     199
     159
     171
     183
     185
     182
     183
     182
     173
     167
     183
     170
     185
     165
     181
     195
     188
     174
     185
     183
     167
     186
     178
     182
     177
     193
     180
     150
     176
     147
     166
     173
     164
     179
     210
     167
     181
     183
     178
     186
     175
     176
     175
     166
     177
     201
     174
     177
     174
     158
     181
     161
     175
     173
     190
     153
     188
     195
     178
     171
     167
     186
     182
     190
     165
     165
     192
     174
     174
     177
     160
     168
     164
     158
     172
     204
     195
     170
     175
     180
     190
     181
     177
     176
     178
     197
     155
     176
     175
     194
     160
     191
     201
     195
     159
     177
     176
     149
     191
     173
     175
     160
     153
     207
     184
     188
     177
     157
     192
     168
     197
     191
     188
     180
     203
     169
     199
     190
     194
     158
     192
     185
     194
     181
     176
     162
     183
     193
     178
     192
     186
     187
     154
     185
     168
     194
     169
     197
     158
     167
     178
     171
     199
     192
     187
     162
     185
     172
     169
     182
     199
     174
     194
     197
     184
     184
     180
     173
     172
     156
     190
     192
     158
     162
     185
     169
     178
     166
     190
     166
     181
     182
     161
     160
     186
     182
     182
     172
     137
     168
     158
     165
     137
     161
     159
     139
     152
     155
     170
     164
     176
     133
     180
     147
     152
     135
     153
     138
     149
     149
     159
     136
     146
     144
     146
     134
     124
     132
     140
     133
     112
     153
     134
     131
     132
     119
     146
     120
     122
     119
     118
     125
     100
     121
     119
     100
     106
     121
     103
     125
     105
      93
     100
     111
      94
     103
      84
     106
      96
      84
     104
      85
      89
     100
     127
      83
      89
      87
      80
      83
      78
      82
      75
      77
      83
      79
      75
      66
      88
      83
      76
      89
      68
      55
      72
      90
      57
      65
      49
      67
      68
      55
      57
      60
      54
      69
      58
      66
      51
      63
      68
      56
      49
      65
      60
      64
      46
      59
      70
      50
      51
      53
      52
      53
      69
      67
      44
      38
      43
      47
      43
      39
      53
      50
      48
      52
      40
      34
      53
      37
      52
      33
      50
      51
      43
      49
      49
      43
      36
      45
      55
      41
      53
      48
      43
      41
      33
      43
      29
      42
      43
      23
      42
      37
      38
      42
      35
      36
      45
      33
      36
      56
      33
      41
      25
      31
      30
      42
      41
      24
      35
      33
      37
      31
      27
      29
      24
      37
      34
      45
      35
      25
      29
      36
      24
      30
      41
      25
      28
      28
      25
      24
      25
      24
      30
      24
      25
      26
      28
      35
      26
      30
      25
      20
      20
      18
      29
      21
      32
      17
      22
      26
      30
      30
      25
      29
      24
      21
      25
      28
      28
      25
      18
      20
      19
      17
      26
      22
      23
      16
      25
      18
      18
      29
      21
      18
      20
      21
      20
      30
      16
      20
      24
      25
      18
      18
      15
      23
      18
      11
      19
      31
      15
      30
      22
      22
      24
      20
      17
      25
      22
      29
      25
      20
      30
      20
      18
      20
      28
      21
      25
      22
      16
      12
      30
      18
      18
      24
      22
      24
      27
      24
      18
      24
      25
      23
       9
      27
      19
      14
      24
      28
      21
      17
      18
      19
      23
      26
      22
      15
      19
      25
      18
      17
      16
      19
      18
      32
      22
      12
      14
      32
      29
      22
      15
      24
      20
      21
      24
      19
      24
      28
      24
      26
      27
      26
      27
      25
      26
      26
      29
      33
      44
      20
      40
      35
      16
      33
      26
      33
      36
      45
      37
      43
      27
      39
      40
      40
      46
      47
      42
      54
      44
      45
      59
      49
      64
      54
      48
      54
      74
      53
      72
      61
      66
      74
      78
      73
      75
      78
      98
      72
     102
      93
      93
     105
     104
     117
     113
     103
     120
     130
     142
     126
     139
     152
     151
     151
     156
     148
     153
     167
     179
     160
     180
     221
     184
     208
     226
     236
     236
     191
     244
     224
     233
     252
     273
     280
     280
     309
     315
     292
     325
     342
     350
     333
     342
     362
     378
     387
     387
     415
     430
     415
     448
     459
     442
     455
     488
     434
     487
     519
     537
     553
     529
     572
     577
     561
     563
     602
     603
     591
     620
     612
     704
     643
     712
     666
     680
     663
     663
     754
     768
     778
     745
     740
     759
     798
     819
     785
     803
     806
     792
     831
     861
     826
     861
     910
     977
     920
     867
     936
     956
     896
     917
     877
     979
     970
     928
     908
     966
     971
     984
     980
     947
     983
     995
    1038
     967
     971
     961
    1003
     985
    1021
     931
     996
     946
     916
     948
     925
     988
     974
     950
    1019
     965
     969
     998
     933
     975
     949
     880
     887
     932
     870
     885
     847
     803
     830
     882
     852
     873
     843
     815
     798
     773
     808
     738
     761
     766
     724
     723
     699
     711
     677
     701
     660
     653
     626
     635
     606
     632
     523
     633
     568
     557
     581
     499
     553
     489
     509
     485
     496
     472
     466
     454
     425
     374
     409
     438
     402
     382
     370
     387
     308
     318
     349
     333
     294
     295
     286
     282
     300
     264
     243
     266
     225
     265
     214
     232
     200
     201
     202
     169
     161
     160
     143
     141
     140
     137
     133
     117
     125
     124
     122
      99
     124
     111
      95
     103
      91
     103
      90
      74
      71
      84
      55
      63
      69
      51
      70
      59
      57
      59
      67
      45
      37
      43
      40
      45
      32
      30
      28
      31
      28
      25
      32
      24
      31
      30
      18
      23
      14
      19
      22
      23
      25
      18
      23
      14
      10
      12
      12
      16
      11
      12
      16
      11
      15
      10
      12
       7
       9
      13
       9
       3
       7
       8
       7
       7
      10
       7
       5
       2
       3
       6
       8
       6
       8
       3
       9
       5
       8
       5
      11
       5
       3
       4
       7
       6
       1
       6
       9
       4
       9
       2
       5
       7
       6
       4
       2
       6
       4
       4
       3
       4
       5
       2
       2
       5
       4
       4
       6
       4
       8
       5
       3
       6
       5
       5
       4
       5
       2
       4
       5
       2
       5
       5
       4
       7
       5
       4
       5
       9
       3
       2
       7
       3
       1
       3
       4
       0
       9
       3
       6
       6
       5
       9
       2
       1
       4
       4
       2
       5
       1
       6
       0
       1
       5
       3
       3
       2
       1
       0
       5
       7
       2
       9
       5
       6
       2
       0
       2
       5
       3
       3
       4
       3
       3
       2
       4
       8
       5
       2
       6
       4
       3
       5
       2
       5
       2
       1
       4
       1
       2
       3
       1
       3
       6
       3
       9
       7
       3
       5
       5
       4
       4
       1
       6
       2
       3
       4
       4
       2
       3
       6
       2
       2
       5
       5
       5
       1
       3
       5
       1
       0
       6
       1
       3
       5
       4
       3
       6
       4
       5
       3
       1
       1
       3
       2
       7
       3
       3
       3
       3
       5
       3
       0
       1
       1
       4
       3
       2
       1
       2
       3
       2
       5
       2
       1
       4
       0
       6
       2
       8
       0
       3
       4
       3
       5
       1
       6
       3
       4
       2
       3
       2
       2
       1
       2
       0
       2
       1
       2
       4
       3
       4
       2
       1
       0
       5
       4
       8
       4
       1
       3
       5
       1
       3
       3
       1
       7
       3
       2
       3
       6
       3
       1
       3
       2
       4
       3
       4
       1
       3
       1
       2
       2
       1
       5
       5
       2
       5
       3
       2
       3
       3
       4
       2
       3
       3
       3
       1
       2
       4
       2
       2
       4
       1
       3
       1
       0
       1
       1
       3
       1
       4
       3
       5
       2
       3
       3
       1
       4
       3
       4
       4
       2
       3
       2
       3
       4
       1
       2
       3
       4
       4
       4
       1
       2
       1
       1
       0
       3
       1
       1
       2
       2
       1
       7
       2
       4
       5
       8
       0
       4
       3
       5
       0
       2
       3
       6
       4
       4
       0
       1
       2
       1
       1
       1
       4
       2
       4
       3
       2
       1
       6
       6
       3
       0
       2
       7
       2
       3
       2
       0
       2
       4
       2
       4
       6
       2
       3
       0
       3
       1
       5
       5
       1
       4
       5
       4
       3
       4
       2
       5
       2
       2
       1
       2
       3
       1
       2
       1
       3
       4
       1
       2
       5
       3
       3
       2
       5
       4
       3
       5
       5
       8
       1
       1
       1
       3
       2
       3
       2
       2
       2
       5
       2
       0
       3
       3
       2
       2
       3
       4
       2
       3
       2
       1
       2
       4
       3
       4
       2
       2
       2
       1
       4
       1
       5
       2
       4
       3
       4
       3
       0
       5
       5
       1
       6
       1
       4
       3
       1
       2
       5
       7
       0
       1
       0
       1
       4
       2
       2
       3
       2
       1
       1
       3
       0
       4
       2
       2
       4
       1
       3
       3
       2
       7
       5
       0
       1
       3
       3
       1
       1
       3
       4
       1
       3
       3
       5
       3
       5
       2
       2
       1
       4
       1
       2
       1
       5
       2
       1
       3
       6
       2
       1
       3
       1
       4
       1
       1
       3
       2
       2
       3
       0
       2
       2
       3
       2
       2
       3
       1
       2
       1
       4
       1
       0
       2
       1
       5
       2
       9
       2
       1
       1
       3
       3
       0
       4
       0
       2
       4
       1
       4
       3
       0
       0
       0
       0
       3
       1
       6
       2
       1
       1
       2
       0
       5
       4
       3
       1
       1
       2
       1
       4
       0
       1
       2
       3
       4
       2
       4
       1
       3
       3
       2
       2
       2
       1
       0
       2
       2
       2
       2
       4
       2
       5
       3
       2
       6
       2
       8
       4
       2
       4
       0
       4
       2
       1
       2
       5
       1
       2
       3
       3
       1
       1
       3
       2
       2
       4
       0
       0
       1
       2
       1
       3
       3
       1
       2
       1
       2
       1
       2
       1
       0
       0
       1
       1
       3
       1
       2
       0
       2
       3
       2
       0
       1
       2
       1
       2
       0
       0
       3
       1
       0
       2
       2
       0
       2
       0
       1
       2
       3
       0
       1
       1
       2
       0
       1
       4
       2
       2
       2
       2
       3
       2
       3
       2
       1
       1
       1
       0
       2
       4
       0
       1
       3
       1
       4
       0
       2
       1
       1
       5
       0
       1
       1
       1
       1
       3
       2
       3
       1
       2
       2
       4
       2
       1
       0
       2
       2
       1
       5
       4
       1
       1
       2
       2
       4
       1
       3
       0
       4
       1
       5
       2
       3
       2
       1
       1
       1
       0
       2
       2
       2
       1
       2
       1
       3
       1
       2
       2
       0
       1
       0
       0
       1
       1
       1
       0
       0
       2
       3
       4
       2
       4
       1
       4
       2
       1
       4
       0
       2
       4
       0
       0
       1
       0
       3
       1
       3
       3
       1
       1
       1
       1
       0
       3
       2
       2
       1
       1
       4
       1
       3
       1
       1
       1
       1
       3
       1
       1
       2
       1
       0
       3
       1
       3
       1
       3
       0
       2
       1
       1
       1
       1
       2
       1
       1
       0
       2
       2
       3
       1
       0
       0
       0
       1
       1
       0
       0
       1
       1
       1
       2
       1
       0
       0
       1
       2
       1
       1
       0
       3
       2
       0
       0
       2
       1
       0
       0
       0
       2
       3
       0
       2
       2
       2
       4
       1
       0
       3
       1
       0
       3
       3
       2
       1
       1
       1
       1
       1
       1
       2
       2
       2
       1
       2
       2
       2
       2
       1
       0
       2
       1
       3
       1
       0
       2
       3
       0
       1
       2
       3
       3
       0
       0
       1
       3
       0
       1
       2
       0
       3
       0
       2
       0
       1
       2
       0
       4
       3
       4
       1
       0
       1
       2
       1
       2
       1
       2
       0
       0
       1
       2
       0
       2
       0
       0
       2
       4
       1
       2
       1
       0
       1
       1
       0
       1
       4
       0
       2
       2
       5
       3
       2
       2
       1
       3
       0
       3
       5
       1
       1
       2
       3
       1
       2
       1
       2
       2
       1
       2
       4
       1
       2
       2
       1
       1
       2
       3
       1
       1
       4
       4
       2
       3
       1
       2
       2
       1
       0
       1
       1
       2
       2
       3
       1
       1
       2
       0
       1
       0
       3
       2
       1
       5
       2
       2
       1
       2
       0
       1
       3
       2
       1
       3
       0
       1
       0
       3
       2
       3
       1
       1
       1
       2
       2
       1
       1
       1
       3
       1
       0
       2
       0
       2
       1
       3
       6
       3
       0
       1
       3
       2
       2
       2
       4
       3
       0
       2
       5
       2
       4
       0
       4
       3
       3
       2
       1
       1
       1
       0
       3
       1
       2
       4
       6
       0
       2
       1
       2
       6
       3
       1
       1
       2
       2
       0
       2
       2
       0
       2
       3
       0
       2
       1
       2
       2
       0
       4
       3
       2
       2
       3
       1
       3
       3
       0
       2
       5
       3
       5
       3
       3
       1
       1
       3
       1
       1
       0
       3
       3
       2
       0
       1
       1
       0
       2
       3
       0
       4
       6
       3
       3
       1
       0
       1
       0
       3
       2
       0
       1
       0
       1
       3
       2
       1
       1
       0
       1
       2
       4
       1
       2
       1
       1
       0
       1
       0
       3
       2
       1
       1
       0
       3
       2
       2
       1
       2
       3
       1
       3
       1
       1
       2
       1
       1
       2
       2
       2
       3
       4
       3
       4
       3
       1
       1
       1
       3
       3
       0
       5
       2
       2
       1
       4
       3
       3
       3
       4
       4
       5
       4
       1
       1
       2
       6
       1
       1
       2
       5
       1
       1
       3
       3
       3
       3
       7
       2
       3
       3
       0
       4
       2
       3
       5
       5
       4
       1
       6
       7
       3
       3
       2
       2
       1
       1
       4
       2
       3
       2
       5
       5
       2
       3
       2
       4
       2
       2
       3
       2
       6
       7
       7
       6
       5
       5
       2
       4
       4
       2
       7
       2
       4
       5
       6
       5
       2
       5
       6
       3
       5
       6
       6
       6
       2
       3
       4
       8
       3
       7
       3
       6
       6
       3
       7
       3
       4
       2
       5
       4
       3
       5
       3
       6
       2
       3
       0
       3
       5
       2
       3
       6
       6
       2
       2
       1
       1
       1
       4
       4
       3
       3
       1
       1
       2
       2
       0
       1
       1
       1
       1
       1
       2
       2
       0
       0
       1
       2
       0
       2
       3
       0
       3
       0
       2
       0
       1
       4
       0
       0
       2
       0
       1
       3
       1
       0
       4
       1
       4
       0
       1
       5
       1
       1
       1
       1
       0
       2
       0
       1
       2
       1
       3
       2
       0
       3
       0
       1
       1
       0
       0
       0
       1
       1
       2
       1
       0
       0
       4
       1
       0
       1
       0
       0
       1
       1
       0
       0
       1
       1
       1
       3
       0
       1
       4
       0
       0
       2
       0
       1
       0
       0
       2
       1
       1
       2
       1
       1
       0
       1
       1
       2
       1
       0
       1
       1
       0
       1
       1
       0
       0
       2
       1
       4
       1
       2
       2
       1
       1
       2
       0
       0
       3
       1
       1
       2
       0
       1
       4
       1
       4
       2
       1
       2
       1
       0
       1
       2
       0
       3
       5
       3
       0
       0
       0
       2
       0
       2
       1
       1
       0
       2
       1
       1
       1
       1
       2
       0
       2
       0
       1
       5
       3
       1
       4
       0
       1
       0
       1
       1
       0
       1
       3
       2
       0
       3
       0
       2
       1
       1
       0
       1
       0
       1
       0
       1
       1
       2
       0
       1
       1
       1
       0
       1
       2
       1
       0
       1
       0
       0
       1
       1
       0
       1
       0
       1
       1
       0
       0
       0
       1
       2
       0
       0
       2
       2
       2
       0
       2
       0
       1
       0
       1
       0
       0
       0
       1
       1
       1
       1
       0
       2
       0
       1
       1
       0
       0
       1
       0
       3
       0
       0
       1
       1
       0
       0
       1
       0
       2
       0
       0
       0
       0
       0
       0
       0
       0
       1
       0
       1
       1
       1
       0
       0
       1
       1
       0
       1
       2
       0
       0
       0
       0
       1
       1
       1
       0
       2
       1
       1
       0
       1
       3
       0
       0
       0
       2
       1
       0
       2
       0
       1
       0
       0
       1
       1
       0
       1
       0
       2
       1
       3
       2
       1
       2
       0
       2
       0
       2
       2
       1
       3
       1
       1
       1
       0
       3
       2
       1
       0
       1
       1
       1
       2
       1
       2
       1
       0
       1
       1
       2
       0
       1
       1
       1
       0
       0
       1
       1
       0
       1
       1
       4
       0
       1
       0
       0
       0
       0
       1
       0
       0
       1
       1
       0
       0
       2
       1
       1
       0
       0
       1
       0
       3
       0
       2
       1
       0
       3
       0
       3
       1
       0
       4
       0
       1
       0
       0
       2
       0
       2
       2
       2
       0
       1
       1
       0
       0
       1
       0
       1
       0
       0
       0
       0
       1
       0
       0
       0
       2
       0
       0
       0
       1
       0
       0
       0
       0
       2
       4
       2
       0
       0
       0
       2
       0
       2
       1
       1
       1
       1
       0
       1
       1
       4
       0
       1
       4
       3
       1
       3
       1
       3
       1
       3
       1
       5
       2
       1
       4
       2
       4
       0
       1
       0
       0
       3
       2
       0
       1
       3
       0
       0
       0
       0
       0
       0
       1
       0
       0
       0
       0
       0
       0
       1
       0
       0
       1
       0
       0
       0
       0
       0
       0
       1
       0
       1
       0
       1
       0
       0
       1
       0
       0
       0
       0
       0
       1
       1
       0
       0
       1
       1
       1
       0
       1
       0
       0
       0
       0
       0
       0
       0
       0
       1
       0
       0
       2
       1
       0
       0
       0
       0
       0
       0
       0
       0
       0
       0
       0
       1
       1
       0
       2
       0
       0
       0
       3
       0
       1
       0
       1
       1
       3
       5
       3
       0
       0
       1
       1
       0
       4
       2
       2
       1
       6
       2
       1
       1
       4
       4
       5
       5
       8
      11
      10
      19
      20
      13
      11
       8
      10
       6
       7
       8
      11
       8
       6
       3
       8
       5
       4
       3
       1
       3
       1
       4
       0
       3
       2
       1
       2
       2
       2
       2
       0
       0
       0
       0
       0
       0
       0
       0
       0
       0
       0
       0
       0
       0
       0
       0
       0
       0
       0
       0
       0
       0
       0
       0
       0
       0
       0
       0
       0
       0
       0
       0
       0
       0
       0
       0
       0
       0
       0
       0
       0
       0
       0
       0
       0
       0
       0
       0
       0
       0
       0
       0
       0
       0
       0
       0
       0
       0
       0
       0
       0
       0
       0
       0
       0
       0
       0
       0
       0
       0
       0
       0
       0
       0
       0
       0
       0
       0
       0
       0
       0
       0
       0
       0
       0
       0
       0
       0
       0
       0
       0
       0
       0
       0
       0
       0
       0
       0
       0
       0
       0
       0
       0
       0
       0
       0
       0
       0
       0
       0
       0
       0
       0
       0
       0
       0
       0
       0
       0
       0
       0
       0
       0
       0
       0
       0
       0
       0
       0
       0
       0
       0
       0
       0
       0
       0
       0
       0
       0
       0
       0
       0
       0
       0
       0
       0
       0
       0
       0
       0
       0
       0
       0
       0
       0
       0
       0
       0
       0
       0
       0
       0
       0
       0
       0
       0
       0
       0
       0
       0
       0
       0
       0
       0
       0
       0
       0
       0
       0
       0
       0
       0
       0
       0
       0
       0
       0
       0
       0
       0
       0
       0
       0
       0
       0
       0
       0
       0
       0
       0
       0
       0
       0
       0
       0
       0
       0
       0
       0
       0
       0
       0
       0
       0
       0
       0
       0
       0
       0
       0
       0
       0
       0
       0
       0
       0
       0
       0
       0
       0
       0
       0
       0
       0
       0
       0
       0
       0
       0
       0
       0
       0
       0
       0
       0
       0
       0
       0
       0
       0
       0
       0
       0
       0
       0
       0
       0
       0
       0
       0
       0
       0
       0
       0
       0
       0
       0
       0
       0
       0
       0
       0
       0
       0
       0
       0
       0
       0
       0
       0
       0
       0
       0
       0
       0
       0
       0
       0
       0
       0
       0
       0
       0
       0
       0
       0
       0
       0
       0
       0
       0
       0
       0
       0
       0
       0
       0
       0
       0
       0
       0
       0
       0
       0
       0
       0
       0
       0
       0
       0
       0
       0
       0
       0
       0
       0
       0
       0
       0
       0
       0
       0
       0
       0
       0
       0
       0
       0
       0
       0
       0
       0
       0
       0
       0
       0
       0
       0
       0
       0
       0
       0
       0
       0
       0
       0
       0
       0
       0
       0
       0
       0
       0
       0
       0
       0
       0
       0
       0
       0
       0
       0
       0
       0
       0
       0
       0
       0
       0
       0
       0
       0
       0
       0
       0
       0
       0
       0
       0
       0
       0
       0
       0
       0
       0
       0
       0
       0
       0
       0
       0
       0
       0
       0
       0
       0
       0
       0
       0
       0
       0
       0
       0
       0
       0
       0
       0
       0
       0
       0
       0
       0
       0
       0
       0
       0
       0
       0
       0
       0
       0
       0
       0
       0
       0
       0
       0
       0
       0
       0
       0
       0
       0
       0
       0
       0
       0
       0
       0
       0
       0
       0
       0
       0
       0
       0
       0
       0
       0
       0
       0
       0
       0
       0
       0
       0
       0
       0
       0
       0
       0
       0
       0
       0
       0
       0
       0
       0
       0
       0
       0
       0
       0
       0
       0
       0
       0
       0
       0
       0
       0
       0
       0
       0
       0
       0
       0
       0
       0
       0
       0
       0
       0
       0
       0
       0
       0
       0
       0
       0
       0
       0
       0
       0
       0
       0
       0
       0
       0
       0
       0
       0
       0
       0
       0
       0
       0
       0
       0
       0
       0
       0
       0
       0
       0
       0
       0
       0
       0
       0
       0
       0
       0
       0
       0
       0
       0
       0
       0
       0
       0
       0
       0
       0
       0
       0
       0
       0
       0
       0
       0
       0
       0
       0
       0
       0
       0
       0
       0
       0
       0
       0
       0
       0
       0
       0
       0
       0
       0
       0
       0
       0
       0
       0
       0
       0
       0
       0
       0
       0
       0
       0
       0
       0
       0
       0
       0
       0
       0
       0
       0
       0
       0
       0
       0
       0
       0
       0
       0
       0
       0
       0
       0
       0
       0
       0
       0
       0
       0
       0
       0
       0
       0
       0
       0
       0
       0
       0
$ROI:
1
1297 1591
$PRESETS:
Real Time
300
0
$ENER_FIT:
-14.559913 0.471242
$MCA_CAL:
3
-1.455991E+001 4.712425E-001 0.000000E+000 keV
$SHAPE_CAL:
3
1.284168E+002 -2.797580E-002 0.000000E+000
