$SPEC_ID:
Pulser
$SPEC_REM:
DET# 2
DETDESC# NUCLEAR-PC MCB 129 Input 2
AP# Maestro Version 6.08
$DATE_MEA:
02/05/2021 13:07:09
$MEAS_TIM:
286 300
$DATA:
0 4095
       0
       0
       0
       0
       0
       0
       0
       0
       0
       0
       0
       0
       0
       0
       0
       0
       0
       0
       0
       0
       0
       0
       0
       0
       0
       0
       0
       0
       0
       0
       0
       0
       0
       0
       0
       0
       0
       0
       0
       0
       0
       0
       0
       0
       0
       0
       0
      17
     177
     166
     175
     173
     168
     160
     171
     173
     173
     168
     179
     196
     196
     191
     195
     188
     192
     191
     233
     193
     208
     206
     206
     210
     202
     225
     200
     214
     243
     223
     211
     195
     210
     214
     240
     218
     224
     195
     173
     195
     177
     179
     204
     206
     201
     214
     183
     205
     200
     206
     207
     201
     209
     199
     185
     179
     189
     187
     228
     189
     197
     202
     210
     192
     222
     220
     225
     209
     219
     209
     217
     221
     203
     213
     199
     207
     220
     225
     217
     211
     230
     227
     233
     233
     215
     210
     210
     215
     221
     215
     224
     218
     245
     271
     222
     228
     202
     253
     255
     208
     244
     256
     235
     255
     282
     270
     238
     239
     261
     228
     270
     297
     294
     300
     296
     304
     319
     306
     295
     298
     300
     331
     342
     321
     314
     368
     374
     338
     409
     368
     399
     387
     386
     397
     412
     416
     417
     395
     385
     353
     415
     368
     400
     352
     390
     354
     362
     322
     342
     353
     348
     324
     321
     376
     326
     359
     324
     332
     368
     343
     349
     314
     300
     317
     331
     336
     293
     324
     338
     359
     268
     345
     317
     322
     303
     319
     313
     316
     306
     296
     327
     295
     296
     325
     294
     266
     328
     314
     272
     301
     297
     289
     315
     296
     308
     302
     288
     313
     348
     299
     292
     317
     299
     321
     316
     313
     266
     282
     290
     315
     327
     310
     288
     305
     303
     292
     336
     317
     310
     321
     328
     326
     283
     332
     292
     358
     302
     301
     315
     323
     315
     317
     304
     323
     322
     309
     321
     304
     326
     324
     305
     327
     323
     312
     321
     326
     318
     349
     322
     301
     306
     308
     348
     327
     331
     302
     362
     310
     330
     335
     288
     351
     320
     353
     332
     350
     349
     332
     307
     327
     337
     350
     364
     324
     330
     301
     345
     351
     337
     339
     349
     336
     320
     368
     324
     344
     359
     311
     345
     333
     334
     360
     314
     328
     320
     338
     319
     319
     307
     324
     352
     338
     353
     324
     336
     336
     318
     356
     332
     329
     342
     347
     353
     313
     353
     325
     356
     340
     339
     358
     341
     350
     348
     358
     371
     348
     382
     336
     355
     363
     350
     358
     348
     358
     347
     381
     375
     372
     391
     366
     389
     384
     386
     366
     409
     392
     398
     415
     425
     409
     436
     428
     428
     399
     463
     424
     452
     471
     469
     446
     445
     446
     440
     445
     478
     434
     423
     477
     449
     456
     465
     494
     475
     504
     468
     467
     464
     481
     516
     461
     447
     486
     455
     462
     500
     465
     449
     459
     476
     484
     448
     456
     444
     463
     452
     444
     452
     447
     448
     458
     421
     392
     415
     424
     440
     389
     416
     421
     467
     462
     397
     413
     413
     426
     346
     434
     423
     416
     446
     392
     390
     385
     401
     367
     380
     378
     337
     368
     357
     368
     362
     392
     336
     376
     381
     351
     354
     364
     394
     390
     350
     331
     319
     333
     312
     317
     348
     337
     370
     335
     348
     347
     329
     327
     322
     293
     347
     321
     322
     329
     337
     316
     324
     279
     307
     312
     319
     335
     281
     296
     300
     301
     326
     306
     311
     281
     315
     332
     311
     288
     284
     292
     314
     308
     287
     257
     299
     262
     269
     294
     290
     264
     271
     281
     261
     268
     266
     276
     294
     277
     276
     289
     257
     244
     247
     281
     267
     259
     249
     261
     276
     256
     268
     250
     254
     256
     232
     261
     243
     251
     213
     276
     254
     257
     243
     273
     252
     254
     274
     248
     230
     240
     245
     260
     241
     267
     271
     238
     240
     228
     232
     223
     207
     225
     226
     251
     266
     230
     276
     258
     214
     243
     247
     219
     225
     205
     216
     213
     236
     210
     230
     207
     213
     233
     199
     228
     225
     244
     233
     215
     231
     221
     251
     195
     218
     213
     220
     220
     222
     192
     218
     206
     238
     224
     227
     211
     225
     223
     248
     218
     200
     217
     209
     196
     214
     236
     245
     210
     195
     252
     232
     232
     186
     226
     218
     235
     230
     220
     220
     216
     196
     192
     202
     227
     230
     200
     231
     201
     213
     198
     216
     205
     180
     200
     206
     219
     200
     218
     203
     213
     199
     199
     204
     189
     181
     199
     213
     202
     197
     185
     180
     194
     170
     201
     204
     214
     195
     174
     187
     175
     191
     197
     194
     195
     204
     218
     173
     192
     192
     186
     189
     175
     189
     179
     169
     199
     212
     182
     204
     211
     172
     177
     173
     181
     180
     194
     220
     191
     185
     188
     180
     198
     182
     176
     184
     187
     209
     212
     186
     190
     198
     186
     198
     182
     201
     191
     194
     197
     184
     204
     198
     153
     176
     182
     199
     168
     200
     198
     182
     186
     190
     161
     185
     163
     213
     172
     178
     185
     184
     183
     194
     166
     208
     192
     169
     183
     158
     195
     174
     170
     191
     191
     182
     172
     194
     180
     151
     196
     195
     179
     194
     202
     185
     180
     185
     152
     174
     194
     187
     173
     204
     204
     179
     195
     174
     193
     177
     191
     170
     174
     175
     178
     183
     189
     161
     195
     179
     171
     178
     179
     186
     151
     181
     174
     175
     163
     181
     175
     156
     179
     155
     157
     167
     183
     180
     199
     176
     159
     186
     174
     159
     166
     163
     182
     201
     194
     183
     202
     196
     192
     178
     190
     185
     173
     170
     176
     189
     171
     187
     196
     178
     180
     181
     177
     177
     190
     161
     190
     194
     173
     157
     167
     199
     184
     167
     179
     191
     178
     190
     201
     166
     175
     177
     192
     184
     166
     171
     194
     195
     200
     205
     191
     184
     188
     209
     173
     195
     203
     184
     194
     170
     185
     179
     180
     185
     191
     198
     223
     194
     184
     179
     176
     183
     199
     176
     205
     199
     198
     209
     193
     221
     181
     194
     190
     202
     201
     180
     181
     185
     189
     184
     177
     177
     173
     179
     166
     177
     167
     173
     210
     194
     201
     164
     184
     177
     171
     198
     180
     194
     190
     169
     199
     178
     183
     161
     164
     188
     176
     172
     201
     179
     182
     201
     162
     150
     143
     175
     194
     151
     191
     183
     180
     176
     177
     140
     167
     148
     155
     169
     148
     166
     154
     141
     177
     166
     150
     169
     159
     156
     144
     142
     137
     140
     133
     140
     127
     163
     135
     131
     145
     141
     140
     130
     125
     123
     139
     126
     136
     125
     136
     135
     122
     112
     120
     107
     129
     131
     107
     104
      88
     117
     107
      98
      97
     100
      97
     102
      98
     102
     101
      91
     106
     108
      75
      82
      94
      80
      95
      85
      76
      90
     101
      83
      98
      75
      75
      81
      66
      71
      83
      63
      65
      63
      70
      72
      58
      59
      65
      67
      62
      72
      76
      73
      65
      67
      59
      70
      63
      71
      64
      61
      62
      62
      43
      56
      51
      51
      55
      58
      57
      63
      63
      68
      54
      42
      49
      41
      59
      51
      53
      42
      42
      46
      42
      42
      36
      38
      60
      39
      49
      39
      42
      39
      59
      43
      54
      35
      44
      44
      48
      44
      44
      44
      49
      40
      39
      33
      38
      40
      42
      32
      40
      39
      33
      37
      40
      38
      39
      39
      33
      28
      29
      27
      38
      40
      26
      26
      22
      28
      26
      40
      32
      30
      31
      34
      33
      31
      37
      27
      28
      29
      24
      35
      33
      31
      28
      29
      31
      24
      23
      31
      20
      27
      21
      27
      38
      29
      18
      31
      22
      28
      33
      29
      21
      27
      21
      22
      24
      21
      22
      30
      30
      29
      24
      22
      32
      21
      19
      25
      25
      21
      24
      22
      27
      15
      21
      18
      18
      24
      16
      21
      21
      25
      19
      22
      19
      13
      25
      22
      25
      17
      20
      20
      26
      17
      20
      26
      17
      14
      21
      21
      13
      16
      14
      22
      22
      25
      23
      20
      15
      33
      15
      16
      15
      22
      19
      21
      17
      26
      17
      20
      26
      24
      16
      11
      19
      21
      14
      18
      21
      21
      20
      19
      26
      20
      19
      18
      20
      25
      21
      17
      23
      17
      18
      17
      13
      19
      21
      27
      24
      23
      15
      20
      33
      29
      18
      26
      21
      21
      22
      25
      30
      22
      27
      26
      25
      24
      20
      27
      28
      26
      28
      28
      14
      27
      34
      23
      30
      24
      21
      42
      27
      29
      30
      34
      44
      40
      42
      35
      38
      45
      39
      42
      47
      43
      42
      46
      46
      46
      53
      57
      57
      51
      51
      58
      51
      54
      56
      68
      63
      64
      85
      83
      80
      81
      82
      86
      80
     106
      96
     105
      98
      88
     110
     117
     124
     120
     131
     129
     107
     149
     117
     167
     133
     148
     160
     172
     180
     156
     186
     209
     205
     198
     184
     206
     230
     251
     239
     234
     264
     290
     291
     265
     272
     294
     308
     315
     316
     331
     362
     336
     354
     377
     372
     385
     375
     364
     425
     415
     407
     426
     429
     440
     474
     469
     533
     539
     507
     550
     549
     588
     587
     596
     582
     580
     648
     621
     619
     620
     661
     710
     642
     671
     684
     684
     708
     798
     778
     767
     807
     784
     825
     802
     865
     836
     767
     837
     882
     892
     876
     933
     871
     893
     934
     933
     914
     959
     932
     945
    1007
     957
     988
    1029
     954
    1018
    1068
     996
    1054
    1067
    1012
    1020
    1038
    1037
    1063
    1052
    1011
    1000
    1105
    1066
    1040
     986
    1066
    1020
    1047
    1038
     964
     996
    1022
    1083
    1003
     987
    1014
    1022
     984
    1019
     955
     952
     968
     973
     974
     946
     910
     938
     873
     863
     923
     884
     915
     838
     901
     857
     828
     829
     795
     838
     770
     759
     783
     741
     760
     728
     701
     721
     712
     704
     651
     656
     658
     619
     598
     615
     586
     550
     572
     590
     551
     508
     493
     508
     481
     471
     511
     428
     442
     451
     436
     451
     388
     361
     383
     398
     372
     349
     311
     306
     308
     278
     304
     279
     299
     258
     273
     233
     227
     244
     208
     244
     208
     206
     180
     170
     185
     188
     159
     149
     155
     170
     148
     149
     126
     125
     121
     107
     126
      96
      89
     121
      93
      76
      72
      95
      72
      80
      75
      64
      71
      64
      71
      56
      50
      58
      41
      45
      48
      41
      35
      41
      51
      25
      41
      25
      34
      32
      34
      35
      24
      25
      23
      20
      21
      13
      19
      19
      16
      23
       8
      14
      21
      10
       9
      11
       9
      16
       8
      11
      12
       6
      15
       8
      15
      16
      11
      12
       7
       9
       4
      11
       5
      11
       9
       6
       6
       3
       3
       6
       7
       3
       3
       4
       6
       6
       7
       4
       2
       6
       6
       5
       5
       8
       4
       3
       6
       8
       3
       3
       5
       3
       2
       3
       3
       3
       6
       3
       6
       7
       8
       2
       1
       7
       6
       6
       2
       0
       7
       6
       3
       5
       3
       5
       3
       3
       3
       4
       0
       8
       3
       4
       6
       2
       2
       6
       4
       2
       5
       5
       5
       5
       4
       5
       5
       6
       3
       5
       2
       4
       7
       4
       1
       4
       7
       2
       3
       4
       3
       4
       4
       3
       2
       4
       4
       4
       1
       3
       3
       5
       2
       9
       6
       3
       2
       2
       4
       4
       3
       3
       3
       2
       2
       3
       5
       3
       1
       3
       4
       5
       5
       2
       3
       6
       2
       4
       2
       5
       2
       5
       6
       5
       5
       3
       4
       2
       2
       3
       6
       2
       4
       2
       1
       2
       3
       4
       2
      10
       3
       6
       3
       5
       3
       5
       2
       2
       7
       2
       1
       5
       3
       4
       4
       5
       2
       3
       1
       4
       2
       2
       1
       9
       1
       4
       2
       4
       3
       3
       2
       6
       6
       3
       1
       4
       4
       3
       3
       5
       2
       6
       5
       6
       3
       6
       5
       6
       2
       2
       6
       1
       5
       5
       3
       1
       2
       4
       2
       5
       1
       3
       3
       2
       1
       6
       6
       6
       1
       1
       3
       5
       1
       1
       5
       2
       1
       5
       4
       5
       1
       2
       2
       2
       3
       4
       5
       3
       3
       3
       2
       3
       2
       0
       6
       2
       5
       3
       3
       2
       0
       4
       4
       1
       3
       2
       3
       1
       6
       0
       4
       1
       3
       2
       3
       1
       1
       2
       1
       3
       1
       1
       2
       4
       5
       7
       6
       3
       1
       0
       2
       5
       3
       3
       4
       3
       4
       2
       3
       4
       5
       1
       0
       6
       1
       4
       3
       3
       4
       3
       3
       2
       3
       3
       0
       5
       4
       1
       5
       7
       4
       4
       4
       1
       3
       3
       2
       2
       5
       3
       3
       1
       4
       4
       4
       4
       2
       3
       1
       3
       3
       1
       6
       4
       1
       5
       2
       3
       2
       3
       3
       2
       5
       7
       4
       5
       3
       9
       2
       2
       1
       6
       3
       2
       2
       3
       3
       3
       1
       1
       5
       7
       6
       3
       3
       3
       4
       1
       3
       4
       5
       5
       4
       6
       2
       1
       2
       4
       2
       4
       2
       0
       2
       5
       4
       6
       3
       2
       5
       7
       3
       1
       1
       3
       2
       1
       2
       3
       1
       4
       3
       2
       4
       1
       6
       1
       5
       7
       1
       2
       3
       4
       3
       3
       1
       2
       1
       2
       2
       0
       1
       2
       5
       0
       6
       4
       0
       2
       5
       1
       1
       4
       2
       3
       1
       3
       1
       1
       1
       1
       1
       1
       4
       0
       0
       3
       2
       3
       0
       1
       0
       3
       1
       1
       3
       2
       2
       2
       2
       3
       1
       2
       3
       1
       2
       1
       1
       1
       2
       3
       2
       1
       1
       3
       2
       5
       3
       2
       2
       2
       0
       6
       4
       5
       0
       3
       1
       0
       2
       2
       2
       0
       3
       2
       1
       1
       0
       8
       2
       3
       1
       3
       2
       2
       0
       1
       2
       2
       3
       4
       6
       1
       1
       4
       2
       0
       2
       1
       4
       0
       3
       3
       4
       5
       0
       4
       3
       2
       3
       7
       5
       2
       2
       6
       1
       7
       2
       5
       2
       0
       3
       1
       6
       1
       1
       1
       5
       3
       0
       6
       5
       1
       4
       2
       4
       3
       3
       2
       2
       1
       3
       1
       4
       4
       2
       1
       3
       2
       2
       4
       1
       2
       0
       1
       1
       2
       3
       0
       1
       2
       3
       0
       0
       1
       1
       2
       3
       4
       0
       1
       2
       5
       5
       0
       4
       2
       1
       3
       5
       3
       0
       1
       2
       0
       3
       1
       2
       2
       2
       2
       0
       0
       0
       2
       1
       4
       0
       2
       1
       0
       3
       0
       3
       3
       4
       3
       1
       2
       4
       1
       6
       4
       0
       3
       1
       1
       3
       3
       0
       3
       1
       2
       2
       1
       1
       2
       3
       2
       0
       3
       3
       3
       3
       1
       3
       3
       1
       1
       3
       3
       3
       2
       1
       3
       6
       2
       1
       3
       3
       1
       1
       2
       1
       1
       2
       4
       0
       2
       2
       1
       4
       1
       3
       4
       2
       2
       1
       0
       1
       3
       1
       2
       1
       1
       1
       4
       2
       2
       3
       1
       0
       0
       0
       2
       2
       1
       1
       1
       0
       5
       0
       4
       1
       2
       2
       0
       2
       0
       1
       1
       1
       2
       1
       0
       3
       3
       2
       2
       1
       1
       0
       1
       1
       1
       3
       0
       1
       1
       0
       0
       3
       3
       1
       2
       1
       1
       1
       2
       1
       2
       1
       0
       3
       0
       4
       1
       2
       1
       0
       2
       3
       1
       0
       1
       2
       1
       4
       0
       0
       0
       2
       1
       1
       2
       2
       3
       0
       0
       2
       1
       0
       3
       0
       1
       0
       1
       2
       1
       3
       4
       3
       1
       0
       0
       1
       2
       2
       2
       0
       1
       1
       6
       0
       2
       2
       1
       0
       1
       1
       0
       1
       1
       1
       0
       4
       2
       2
       0
       1
       2
       1
       1
       2
       0
       1
       0
       0
       0
       3
       2
       3
       0
       3
       1
       1
       1
       0
       1
       3
       1
       2
       0
       1
       0
       1
       3
       2
       0
       1
       3
       1
       0
       0
       0
       3
       1
       1
       1
       2
       2
       1
       0
       0
       0
       0
       2
       0
       2
       2
       2
       2
       0
       0
       2
       1
       2
       0
       0
       2
       1
       3
       1
       1
       0
       2
       1
       4
       1
       4
       1
       4
       2
       1
       1
       2
       1
       0
       2
       0
       0
       3
       2
       2
       4
       2
       0
       1
       4
       3
       3
       4
       0
       0
       0
       0
       0
       3
       1
       3
       2
       3
       1
       2
       3
       3
       1
       2
       0
       1
       2
       1
       0
       4
       2
       3
       2
       1
       1
       1
       5
       2
       3
       0
       2
       2
       2
       2
       2
       3
       2
       0
       1
       2
       1
       2
       4
       1
       1
       0
       0
       2
       4
       2
       3
       1
       2
       1
       0
       1
       1
       1
       0
       1
       1
       3
       2
       1
       1
       2
       3
       0
       1
       1
       3
       3
       3
       3
       0
       3
       1
       3
       1
       3
       2
       2
       1
       3
       3
       2
       2
       1
       2
       1
       1
       2
       1
       3
       1
       2
       3
       1
       0
       2
       1
       1
       1
       3
       1
       2
       3
       1
       2
       1
       2
       4
       1
       2
       1
       2
       0
       4
       0
       2
       3
       1
       1
       3
       2
       2
       4
       2
       3
       1
       2
       2
       0
       5
       1
       1
       3
       3
       2
       3
       2
       1
       2
       1
       1
       3
       0
       1
       4
       1
       0
       1
       1
       3
       0
       1
       2
       4
       3
       3
       5
       0
       0
       0
       0
       1
       3
       0
       1
       2
       1
       1
       2
       2
       0
       1
       1
       2
       1
       2
       2
       1
       1
       1
       2
       4
       3
       0
       1
       1
       1
       0
       2
       2
       1
       3
       1
       2
       0
       0
       3
       0
       1
       3
       2
       1
       2
       1
       2
       1
       0
       2
       4
       5
       6
       2
       6
       1
       1
       1
       0
       3
       3
       2
       2
       1
       3
       0
       0
       0
       1
       2
       5
       1
       3
       3
       0
       1
       4
       2
       0
       5
       2
       4
       0
       0
       0
       2
       4
       4
       3
       5
       5
       5
       3
       1
       4
       3
       0
       1
       6
       6
       3
       3
       6
       6
       5
       6
       2
       6
       6
       2
       4
       3
       2
       4
       7
       2
       3
       5
       3
       9
       3
       4
       1
       4
       7
       2
       4
       2
       3
       3
       3
       5
       5
       5
       6
       2
       2
       7
       6
       5
       5
       4
       2
       5
       4
       7
       1
       3
       7
       4
       3
       6
       3
       4
       4
      10
       5
       5
       4
       5
       2
       6
       5
       4
       9
       3
       6
       1
       3
       4
       0
       5
       1
       4
       8
       5
       3
       3
       1
       4
       4
       1
       4
       3
       2
       2
       5
       1
       1
       2
       0
       1
       1
       1
       0
       3
       1
       1
       1
       4
       2
       0
       2
       1
       1
       1
       1
       2
       0
       3
       1
       3
       2
       3
       0
       1
       1
       2
       1
       1
       2
       1
       2
       1
       1
       0
       0
       5
       2
       1
       1
       2
       1
       1
       1
       0
       1
       2
       2
       0
       1
       1
       1
       2
       1
       1
       1
       1
       1
       1
       1
       0
       0
       1
       2
       0
       1
       2
       1
       0
       0
       0
       1
       1
       2
       1
       1
       1
       0
       0
       0
       1
       1
       1
       1
       0
       1
       1
       0
       1
       2
       0
       0
       0
       1
       2
       0
       1
       1
       0
       4
       0
       1
       1
       2
       0
       0
       1
       0
       0
       1
       0
       0
       3
       1
       3
       0
       1
       0
       0
       0
       1
       1
       0
       5
       2
       1
       1
       0
       1
       1
       1
       0
       0
       2
       0
       1
       0
       1
       1
       0
       2
       0
       1
       0
       0
       0
       2
       1
       2
       1
       2
       0
       0
       0
       0
       1
       1
       0
       1
       0
       0
       0
       3
       0
       0
       1
       1
       1
       0
       2
       0
       1
       0
       0
       1
       1
       0
       0
       1
       0
       2
       1
       0
       0
       0
       0
       0
       1
       0
       1
       0
       1
       2
       0
       0
       1
       0
       0
       0
       1
       0
       0
       0
       0
       3
       0
       0
       0
       2
       0
       0
       0
       0
       1
       0
       0
       0
       0
       0
       3
       2
       1
       0
       1
       1
       1
       0
       1
       0
       0
       1
       0
       2
       0
       0
       0
       0
       0
       1
       0
       0
       2
       1
       0
       1
       2
       1
       1
       0
       2
       0
       1
       1
       0
       1
       1
       0
       1
       1
       0
       2
       2
       1
       2
       2
       2
       0
       0
       0
       1
       0
       0
       1
       0
       2
       1
       0
       2
       0
       2
       1
       1
       1
       2
       3
       1
       1
       1
       2
       0
       0
       0
       0
       0
       2
       3
       0
       0
       0
       1
       0
       2
       1
       0
       2
       1
       3
       3
       1
       0
       1
       2
       0
       1
       0
       3
       1
       0
       1
       2
       2
       0
       1
       0
       0
       0
       1
       1
       0
       1
       0
       2
       2
       1
       1
       3
       0
       0
       0
       0
       0
       0
       0
       1
       0
       0
       1
       1
       0
       1
       0
       0
       0
       0
       3
       2
       1
       1
       0
       1
       1
       2
       0
       0
       0
       0
       1
       0
       0
       0
       0
       0
       1
       0
       2
       0
       1
       0
       0
       1
       0
       1
       1
       0
       0
       0
       0
       0
       0
       0
       0
       1
       0
       0
       0
       0
       0
       2
       1
       0
       1
       1
       1
       0
       0
       2
       0
       0
       1
       1
       0
       0
       0
       2
       0
       1
       0
       1
       1
       1
       2
       0
       0
       2
       1
       4
       2
       2
       1
       1
       3
       1
       3
       4
       4
       1
       4
       2
       3
       1
       1
       0
       2
       1
       2
       3
       1
       3
       2
       0
       0
       1
       1
       0
       1
       0
       1
       0
       0
       0
       0
       0
       0
       0
       1
       0
       1
       0
       0
       1
       1
       1
       0
       0
       0
       0
       0
       0
       1
       0
       0
       1
       2
       0
       0
       0
       1
       0
       1
       0
       0
       0
       0
       0
       1
       0
       1
       0
       0
       2
       0
       0
       1
       0
       0
       0
       1
       0
       1
       0
       2
       0
       0
       1
       0
       0
       2
       0
       2
       1
       0
       0
       0
       1
       1
       0
       1
       1
       2
       3
       0
       1
       2
       1
       1
       1
       3
       3
       2
       2
       5
       2
       0
       1
       3
       3
       7
       4
       5
       4
       8
       9
      11
       8
       9
      11
       9
       9
       9
       5
       4
      10
       5
       3
       3
       7
       7
       2
       2
       1
       1
       2
       5
       3
       5
       2
       2
       2
       2
       2
       0
       1
       0
       0
       1
       0
       0
       0
       0
       0
       0
       0
       0
       0
       1
       0
       0
       0
       0
       0
       0
       0
       0
       0
       0
       0
       0
       0
       0
       0
       0
       0
       0
       0
       0
       0
       0
       0
       0
       0
       0
       0
       0
       0
       0
       0
       0
       0
       0
       0
       0
       0
       0
       0
       0
       0
       0
       0
       0
       0
       0
       0
       0
       0
       0
       0
       0
       0
       0
       0
       0
       0
       0
       0
       0
       0
       0
       0
       0
       0
       0
       0
       0
       0
       0
       0
       0
       0
       0
       0
       0
       0
       0
       0
       0
       0
       0
       0
       0
       0
       0
       0
       0
       0
       0
       0
       0
       0
       0
       0
       0
       0
       0
       0
       0
       0
       0
       0
       0
       0
       0
       0
       0
       0
       0
       0
       0
       0
       0
       0
       0
       0
       0
       0
       0
       0
       0
       0
       0
       0
       0
       0
       0
       0
       0
       0
       0
       0
       0
       0
       0
       0
       0
       0
       0
       0
       0
       0
       0
       0
       0
       0
       0
       0
       0
       0
       0
       0
       0
       0
       0
       0
       0
       0
       0
       0
       0
       0
       0
       0
       0
       0
       0
       0
       0
       0
       0
       0
       0
       0
       0
       0
       0
       0
       0
       0
       0
       0
       0
       0
       0
       0
       0
       0
       0
       0
       0
       0
       0
       0
       0
       0
       0
       0
       0
       0
       0
       0
       0
       0
       0
       0
       0
       0
       0
       0
       0
       0
       0
       0
       0
       0
       0
       0
       0
       0
       0
       0
       0
       0
       0
       0
       0
       0
       0
       0
       0
       0
       0
       0
       0
       0
       0
       0
       0
       0
       0
       0
       0
       0
       0
       0
       0
       0
       0
       0
       0
       0
       0
       0
       0
       0
       0
       0
       0
       0
       0
       0
       0
       0
       0
       0
       0
       0
       0
       0
       0
       0
       0
       0
       0
       0
       0
       0
       0
       0
       0
       0
       0
       0
       0
       0
       0
       0
       0
       0
       0
       0
       0
       0
       0
       0
       0
       0
       0
       0
       0
       0
       0
       0
       0
       0
       0
       0
       0
       0
       0
       0
       0
       0
       0
       0
       0
       0
       0
       0
       0
       0
       0
       0
       0
       0
       0
       0
       0
       0
       0
       0
       0
       0
       0
       0
       0
       0
       0
       0
       0
       0
       0
       0
       0
       0
       0
       0
       0
       0
       0
       0
       0
       0
       0
       0
       0
       0
       0
       0
       0
       0
       0
       0
       0
       0
       0
       0
       0
       0
       0
       0
       0
       0
       0
       0
       0
       0
       0
       0
       0
       0
       0
       0
       0
       0
       0
       0
       0
       0
       0
       0
       0
       0
       0
       0
       0
       0
       0
       0
       0
       0
       0
       0
       0
       0
       0
       0
       0
       0
       0
       0
       0
       0
       0
       0
       0
       0
       0
       0
       0
       0
       0
       0
       0
       0
       0
       0
       0
       0
       0
       0
       0
       0
       0
       0
       0
       0
       0
       0
       0
       0
       0
       0
       0
       0
       0
       0
       0
       0
       0
       0
       0
       0
       0
       0
       0
       0
       0
       0
       0
       0
       0
       0
       0
       0
       0
       0
       0
       0
       0
       0
       0
       0
       0
       0
       0
       0
       0
       0
       0
       0
       0
       0
       0
       0
       0
       0
       0
       0
       0
       0
       0
       0
       0
       0
       0
       0
       0
       0
       0
       0
       0
       0
       0
       0
       0
       0
       0
       0
       0
       0
       0
       0
       0
       0
       0
       0
       0
       0
       0
       0
       0
       0
       0
       0
       0
       0
       0
       0
       0
       0
       0
       0
       0
       0
       0
       0
       0
       0
       0
       0
       0
       0
       0
       0
       0
       0
       0
       0
       0
       0
       0
       0
       0
       0
       0
       0
       0
       0
       0
       0
       0
       0
       0
       0
       0
       0
       0
       0
       0
       0
       0
       0
       0
       0
       0
       0
       0
       0
       0
       0
       0
       0
       0
       0
       0
       0
       0
       0
       0
       0
       0
       0
       0
       0
       0
       0
       0
       0
       0
       0
       0
       0
       0
       0
       0
       0
       0
       0
       0
       0
       0
$ROI:
1
1297 1591
$PRESETS:
Real Time
300
0
$ENER_FIT:
-14.559913 0.471242
$MCA_CAL:
3
-1.455991E+001 4.712425E-001 0.000000E+000 keV
$SHAPE_CAL:
3
1.284168E+002 -2.797580E-002 0.000000E+000
