$SPEC_ID:
Pulser
$SPEC_REM:
DET# 2
DETDESC# NUCLEAR-PC MCB 129 Input 2
AP# Maestro Version 6.08
$DATE_MEA:
02/05/2021 12:30:19
$MEAS_TIM:
287 300
$DATA:
0 4095
       0
       0
       0
       0
       0
       0
       0
       0
       0
       0
       0
       0
       0
       0
       0
       0
       0
       0
       0
       0
       0
       0
       0
       0
       0
       0
       0
       0
       0
       0
       0
       0
       0
       0
       0
       0
       0
       0
       0
       0
       0
       0
       0
       0
       0
       0
       0
      15
     197
     187
     211
     206
     191
     230
     189
     227
     232
     239
     245
     252
     267
     270
     299
     290
     328
     332
     362
     410
     463
     484
     565
     635
     666
     670
     782
     868
     861
     890
     881
     911
     917
     893
     898
     769
     801
     734
     706
     582
     572
     514
     461
     435
     385
     357
     364
     325
     346
     290
     268
     275
     232
     236
     214
     226
     214
     222
     201
     199
     191
     208
     190
     167
     202
     202
     176
     195
     217
     190
     209
     162
     209
     190
     194
     214
     190
     192
     200
     191
     215
     201
     203
     201
     201
     182
     222
     225
     199
     210
     205
     216
     234
     212
     203
     222
     257
     238
     233
     206
     233
     207
     247
     249
     227
     227
     228
     248
     252
     213
     233
     239
     242
     241
     256
     255
     249
     240
     220
     246
     230
     237
     249
     260
     275
     244
     309
     269
     265
     255
     275
     275
     290
     280
     244
     272
     300
     296
     271
     284
     270
     281
     259
     252
     258
     299
     326
     290
     309
     268
     287
     264
     303
     300
     279
     261
     298
     302
     277
     288
     279
     295
     271
     254
     298
     299
     316
     297
     299
     286
     273
     288
     298
     286
     315
     326
     295
     342
     312
     308
     304
     307
     283
     312
     268
     315
     287
     292
     289
     287
     329
     308
     263
     294
     323
     323
     280
     280
     313
     286
     304
     292
     321
     283
     319
     281
     313
     286
     317
     333
     288
     311
     320
     303
     317
     311
     322
     299
     274
     291
     301
     327
     343
     295
     328
     310
     346
     325
     302
     288
     313
     312
     345
     319
     308
     334
     327
     337
     322
     330
     318
     302
     320
     333
     322
     328
     365
     333
     314
     323
     315
     350
     291
     304
     328
     311
     330
     323
     348
     290
     312
     337
     314
     341
     344
     334
     325
     328
     344
     310
     334
     337
     336
     320
     319
     305
     324
     336
     309
     298
     326
     324
     332
     314
     349
     361
     345
     337
     352
     331
     323
     310
     332
     338
     307
     315
     321
     328
     271
     307
     294
     336
     358
     324
     335
     317
     333
     351
     365
     364
     329
     326
     357
     358
     341
     308
     332
     348
     336
     374
     343
     338
     347
     390
     346
     379
     346
     342
     351
     343
     346
     344
     325
     355
     337
     363
     367
     355
     364
     355
     333
     384
     359
     400
     364
     409
     379
     371
     380
     376
     416
     391
     398
     405
     399
     445
     423
     450
     418
     462
     394
     420
     434
     398
     416
     445
     443
     458
     491
     431
     468
     490
     474
     398
     440
     436
     432
     460
     449
     453
     442
     472
     520
     458
     441
     449
     494
     451
     514
     443
     447
     427
     430
     436
     449
     471
     441
     445
     448
     404
     461
     430
     405
     427
     437
     435
     444
     412
     429
     427
     424
     394
     383
     384
     407
     418
     380
     389
     362
     390
     391
     371
     380
     379
     357
     394
     366
     353
     365
     380
     341
     378
     376
     358
     344
     365
     356
     324
     354
     354
     344
     364
     342
     357
     361
     376
     328
     341
     318
     312
     332
     303
     348
     334
     323
     339
     284
     344
     343
     312
     311
     294
     313
     339
     304
     312
     316
     310
     288
     313
     303
     334
     316
     308
     275
     292
     311
     315
     308
     302
     286
     277
     276
     284
     286
     282
     277
     279
     264
     251
     303
     286
     293
     281
     255
     270
     271
     272
     250
     309
     265
     271
     247
     258
     232
     254
     233
     237
     254
     240
     270
     253
     268
     231
     251
     254
     263
     285
     281
     248
     237
     260
     201
     226
     240
     242
     247
     238
     237
     268
     272
     230
     234
     245
     238
     239
     226
     226
     216
     224
     240
     236
     236
     256
     242
     216
     215
     223
     208
     239
     217
     211
     226
     216
     209
     219
     238
     240
     210
     229
     224
     225
     208
     214
     205
     228
     246
     201
     229
     227
     215
     198
     190
     214
     243
     196
     210
     214
     208
     198
     210
     199
     194
     227
     216
     246
     218
     225
     190
     222
     208
     212
     226
     196
     206
     216
     166
     230
     202
     195
     200
     212
     199
     192
     203
     212
     201
     193
     198
     216
     228
     199
     199
     183
     189
     224
     193
     199
     183
     209
     208
     190
     192
     191
     206
     174
     172
     184
     186
     202
     196
     202
     169
     180
     185
     205
     217
     207
     178
     174
     197
     191
     191
     205
     204
     172
     169
     197
     200
     171
     176
     183
     174
     199
     169
     187
     208
     196
     182
     187
     207
     205
     165
     198
     182
     189
     200
     202
     188
     195
     196
     193
     208
     172
     159
     174
     187
     232
     175
     165
     185
     173
     172
     189
     171
     206
     183
     190
     202
     156
     159
     195
     221
     198
     191
     171
     183
     181
     176
     183
     190
     178
     183
     186
     146
     178
     178
     171
     173
     179
     186
     195
     178
     211
     167
     159
     159
     165
     178
     200
     186
     192
     200
     184
     181
     195
     155
     154
     174
     165
     153
     178
     174
     166
     180
     165
     177
     189
     155
     165
     158
     181
     161
     204
     192
     159
     167
     169
     170
     143
     184
     158
     184
     164
     177
     167
     161
     154
     184
     167
     176
     167
     171
     158
     153
     163
     193
     177
     164
     164
     168
     172
     180
     182
     160
     183
     171
     182
     177
     166
     164
     196
     167
     156
     143
     190
     163
     175
     142
     152
     148
     174
     189
     174
     179
     175
     167
     183
     180
     190
     182
     149
     172
     173
     179
     159
     162
     175
     175
     177
     176
     185
     156
     149
     176
     188
     182
     181
     166
     185
     159
     172
     177
     170
     174
     150
     192
     173
     162
     159
     160
     175
     165
     177
     175
     182
     176
     164
     169
     194
     166
     163
     168
     168
     166
     164
     169
     175
     198
     169
     175
     168
     186
     176
     181
     179
     171
     175
     156
     162
     184
     159
     158
     192
     173
     180
     170
     176
     185
     163
     178
     170
     184
     192
     195
     167
     181
     174
     180
     189
     176
     172
     186
     187
     163
     186
     197
     185
     202
     162
     196
     193
     158
     181
     168
     162
     180
     171
     174
     163
     191
     171
     191
     155
     154
     162
     188
     218
     165
     165
     160
     159
     149
     156
     151
     177
     182
     172
     174
     165
     169
     163
     159
     161
     124
     155
     150
     147
     156
     164
     130
     149
     150
     137
     157
     137
     136
     148
     121
     140
     148
     137
     158
     141
     149
     115
     146
     120
     134
     142
     121
     141
     125
     117
     117
     129
     114
     123
     123
     103
     106
     109
     116
     105
     109
     105
     104
      97
     117
     109
      99
     108
      89
     103
      96
     108
      82
      83
     111
      88
      94
      86
      94
      92
      89
     104
      61
      81
      87
      96
      85
      84
      77
      67
      79
      67
      78
      79
      87
      79
      56
      81
      76
      80
      69
      82
      65
      81
      71
      67
      67
      66
      58
      73
      75
      61
      74
      45
      69
      66
      55
      55
      50
      58
      50
      47
      55
      58
      41
      42
      62
      58
      51
      50
      46
      48
      70
      61
      45
      47
      43
      44
      59
      53
      43
      41
      49
      53
      47
      34
      48
      44
      45
      41
      37
      45
      44
      41
      38
      34
      39
      36
      40
      55
      25
      31
      40
      36
      32
      36
      39
      38
      31
      33
      25
      42
      25
      35
      31
      27
      28
      30
      35
      35
      29
      39
      41
      41
      50
      24
      31
      24
      28
      43
      34
      28
      26
      32
      24
      16
      16
      24
      43
      22
      30
      32
      33
      30
      37
      26
      27
      26
      24
      23
      17
      21
      27
      26
      28
      34
      19
      26
      16
      25
      22
      17
      25
      24
      21
      24
      36
      21
      22
      28
      24
      20
      28
      22
      18
      16
      21
      15
      17
      25
      27
      14
      27
      20
      22
      17
      20
      21
      19
      28
      22
      15
      18
      18
      23
      19
      25
      21
      22
      15
      12
       9
      14
      24
      14
      22
      15
      13
      21
      20
      24
      21
      27
      17
      15
      19
      15
      19
      16
      20
      13
      14
      15
      18
      15
      19
      16
      20
      24
      18
      11
      11
      14
      24
      20
      15
      18
      18
      23
      21
      20
      13
      11
      14
      11
      18
      19
      20
      16
      21
      26
      17
      10
      24
      23
      19
      22
      23
      14
      17
      17
      13
      17
      21
      25
      20
      19
      16
      24
      23
      22
      15
      20
      26
      16
      21
      23
      22
      29
      20
      31
      25
      17
      26
      23
      24
      29
      31
      26
      31
      25
      26
      25
      28
      25
      31
      24
      31
      35
      32
      21
      36
      24
      42
      35
      53
      37
      39
      44
      35
      39
      48
      48
      50
      58
      34
      67
      67
      54
      75
      71
      73
      74
      69
      86
      82
      73
      95
      86
     102
      74
     110
      98
     104
     107
     110
     119
     119
     119
     127
     121
     145
     142
     173
     153
     140
     166
     183
     179
     174
     186
     194
     204
     200
     227
     201
     223
     241
     249
     204
     254
     254
     294
     280
     270
     267
     271
     303
     329
     311
     324
     337
     373
     368
     375
     390
     389
     417
     383
     433
     423
     416
     432
     462
     477
     473
     442
     517
     505
     520
     567
     566
     559
     565
     579
     578
     575
     603
     588
     614
     632
     670
     683
     667
     694
     698
     720
     694
     706
     735
     704
     805
     759
     798
     779
     795
     812
     847
     823
     843
     840
     846
     845
     885
     883
     930
     902
     936
     894
     873
     954
     934
     930
     936
     916
     990
     960
     997
     958
     960
    1007
     957
     991
    1051
     963
     984
     967
     993
    1064
     993
    1010
     979
     976
    1024
     959
     991
     981
     998
     935
    1025
     941
     957
     970
     973
     962
     945
     933
     985
     961
     882
     923
     868
     879
     916
     894
     821
     849
     881
     793
     809
     834
     779
     782
     742
     785
     799
     741
     716
     740
     674
     684
     658
     684
     653
     664
     624
     632
     658
     573
     547
     590
     535
     536
     496
     519
     507
     505
     516
     486
     495
     461
     444
     430
     396
     389
     385
     407
     376
     385
     389
     306
     346
     314
     327
     283
     308
     279
     270
     262
     248
     239
     254
     210
     236
     203
     231
     174
     190
     192
     169
     167
     196
     169
     164
     161
     154
     133
     138
     141
     134
     121
     107
     105
      96
      91
      96
      95
      95
      82
      72
      78
      69
      67
      58
      49
      63
      56
      56
      53
      47
      47
      68
      56
      40
      40
      47
      37
      34
      35
      31
      30
      34
      31
      19
      20
      25
      17
      15
      18
      24
      21
      16
      16
      21
      18
      19
      11
      13
      11
      19
      10
      15
      11
      15
      11
      12
       8
      16
       8
       2
       4
       7
       3
       8
       6
       5
       8
      10
       5
       5
       7
       7
      11
       6
       8
       1
       7
       1
       6
       5
       6
       6
       4
       2
       2
       4
       1
       5
       8
       4
       2
       4
       4
       7
       3
       6
       2
       2
       7
       4
       2
       5
       5
       0
       1
       3
       8
       4
       4
       4
       3
       6
       8
       5
       2
       5
       5
       4
      10
       5
       6
       3
       6
       3
       2
       6
       1
       5
       6
       5
       2
       6
       2
       3
       4
       3
       3
       2
       4
       6
       4
       3
       8
       5
       5
       3
       1
       3
       6
       2
       0
       4
       5
       0
       3
       5
       5
       1
       4
       4
       0
       4
       1
       2
       2
       2
       2
       4
       2
       7
       3
       5
       6
       1
       4
       4
       7
       5
       6
       3
       6
       1
       1
       3
       7
       2
       2
       3
       2
       6
       2
       3
       3
       2
       0
       6
       3
       7
       5
       5
       3
       3
       8
       2
       3
       4
       3
       3
       0
       3
       3
       4
       2
       4
       5
       2
       1
       2
       4
       1
       7
       2
       3
       2
       2
       2
       2
       0
       3
       3
       7
       1
       5
       4
       6
       1
       2
       3
       1
       1
       2
       5
       1
       4
       2
       2
       2
       0
       4
       3
       2
       2
       2
       3
       2
       2
       6
       1
       3
       2
       2
       1
       1
       3
       6
       4
       2
       6
       0
       3
       5
       5
       2
       2
       3
       2
       4
       1
       6
       3
       2
       2
       6
       2
       3
       3
       2
       2
       1
       5
       1
       6
       7
       4
       2
       3
       2
       4
       6
       3
       3
       5
       4
       4
       5
       1
       2
       4
       4
       6
       1
       4
       1
       6
       2
       3
       3
       3
       5
       2
       1
       3
       2
       0
       2
       2
       2
       1
       1
       6
       3
       4
       2
       1
       5
       2
       3
       4
       3
       2
       4
       1
       4
       3
       3
       5
       1
       1
       3
       7
       2
       6
       3
       7
       1
       5
       6
       4
       0
       1
       4
       4
       1
       4
       5
       3
       4
       0
       2
       6
       3
       2
       2
       4
       3
       4
       5
       2
       0
       1
       4
       4
       4
       6
       1
       4
       3
       3
       3
       4
       4
       3
       2
       1
       3
       3
       1
       7
       2
       5
       3
       5
       1
       2
       1
       1
       3
       2
       4
       0
       4
       3
       6
       1
       2
       5
       2
       0
       1
       0
       2
       2
       3
       2
       3
       2
       3
       2
       4
       2
       4
       1
       5
       2
       0
       4
       2
       3
       3
       1
       6
       2
       6
       1
       2
       2
       2
       3
       1
       1
       5
       3
       7
       3
       2
       3
       3
       2
       2
       3
       1
       1
       2
       4
       3
       3
       2
       5
       3
       4
       1
       4
       2
       0
       3
       3
       2
       5
       4
       5
       3
       1
       0
       1
       2
       2
       3
       1
       3
       2
       3
       4
       1
       0
       4
       1
       3
       0
       4
       6
       5
       4
       1
       2
       1
       4
       1
       3
       3
       3
       1
       0
       2
       1
       5
       3
       3
       2
       1
       1
       0
       6
       5
       4
       2
       8
       2
       5
       2
       1
       3
       2
       1
       3
       3
       3
       0
       2
       1
       2
       4
       5
       6
       2
       1
       1
       1
       3
       1
       1
       1
       4
       2
       1
       2
       4
       4
       1
       5
       2
       1
       6
       3
       3
       0
       3
       3
       2
       1
       1
       4
       3
       0
       3
       2
       2
       3
       4
       3
       3
       3
       3
       1
       3
       3
       3
       1
       3
       1
       0
       4
       1
       0
       0
       2
       6
       1
       3
       2
       2
       3
       3
       0
       3
       3
       2
       3
       1
       2
       0
       2
       4
       2
       3
       1
       2
       1
       2
       2
       2
       4
       1
       1
       3
       1
       2
       1
       0
       3
       2
       4
       1
       2
       1
       4
       1
       2
       3
       3
       3
       1
       1
       0
       3
       1
       2
       0
       1
       2
       2
       1
       3
       2
       0
       2
       2
       4
       5
       1
       2
       0
       2
       2
       2
       2
       0
       3
       2
       3
       2
       5
       2
       1
       2
       2
       3
       0
       2
       1
       1
       2
       0
       1
       0
       1
       2
       1
       1
       1
       1
       1
       0
       1
       5
       1
       2
       1
       1
       4
       1
       4
       2
       1
       0
       4
       0
       2
       1
       0
       1
       1
       1
       4
       1
       2
       3
       4
       2
       3
       1
       1
       1
       1
       1
       1
       2
       1
       1
       1
       0
       1
       2
       0
       0
       1
       2
       3
       0
       4
       0
       0
       1
       1
       2
       1
       2
       3
       1
       0
       0
       2
       2
       4
       1
       3
       0
       0
       1
       4
       1
       0
       0
       2
       1
       2
       0
       2
       1
       2
       2
       1
       0
       2
       2
       1
       1
       0
       2
       3
       0
       3
       0
       1
       0
       1
       0
       0
       0
       1
       0
       2
       0
       0
       1
       4
       3
       1
       2
       0
       2
       1
       2
       2
       0
       1
       2
       2
       1
       1
       1
       2
       1
       1
       0
       4
       1
       0
       2
       1
       0
       0
       2
       1
       1
       1
       0
       1
       0
       1
       0
       0
       0
       1
       0
       2
       0
       0
       2
       1
       2
       1
       0
       2
       0
       1
       1
       2
       3
       0
       1
       1
       1
       0
       0
       2
       1
       1
       3
       1
       1
       2
       0
       1
       0
       0
       1
       0
       4
       2
       0
       1
       1
       1
       2
       0
       3
       2
       0
       0
       4
       0
       1
       1
       2
       1
       2
       0
       1
       2
       1
       1
       0
       1
       1
       1
       2
       0
       2
       3
       3
       1
       1
       2
       3
       2
       1
       3
       2
       1
       0
       1
       1
       0
       2
       4
       0
       1
       3
       1
       2
       2
       0
       2
       1
       2
       1
       1
       1
       3
       2
       3
       2
       1
       3
       2
       3
       1
       0
       1
       1
       0
       0
       4
       0
       2
       1
       1
       1
       2
       1
       2
       1
       1
       0
       2
       0
       0
       2
       0
       2
       0
       3
       1
       0
       2
       1
       1
       2
       3
       1
       2
       0
       1
       1
       1
       2
       1
       3
       4
       0
       3
       0
       1
       3
       3
       0
       1
       1
       1
       2
       1
       3
       2
       0
       1
       2
       0
       4
       3
       0
       3
       2
       4
       1
       0
       2
       1
       3
       1
       3
       2
       0
       3
       5
       0
       2
       3
       0
       3
       0
       2
       2
       1
       3
       2
       1
       1
       4
       2
       3
       6
       1
       3
       4
       2
       0
       0
       1
       1
       0
       1
       3
       2
       4
       2
       3
       0
       4
       2
       1
       1
       2
       0
       2
       2
       4
       0
       1
       2
       2
       3
       0
       1
       3
       2
       1
       2
       0
       0
       1
       0
       1
       2
       2
       2
       4
       1
       2
       3
       1
       2
       2
       1
       2
       2
       1
       1
       1
       3
       1
       1
       1
       2
       1
       1
       3
       1
       1
       1
       4
       4
       0
       2
       3
       5
       0
       0
       1
       4
       0
       0
       2
       0
       2
       1
       1
       3
       0
       0
       2
       1
       0
       0
       0
       1
       2
       1
       1
       1
       2
       4
       1
       3
       2
       1
       2
       0
       1
       2
       2
       1
       1
       2
       1
       2
       4
       1
       1
       2
       5
       3
       1
       3
       2
       2
       2
       3
       2
       1
       3
       2
       0
       4
       2
       0
       0
       1
       2
       1
       2
       2
       4
       0
       1
       4
       2
       1
       2
       4
       3
       1
       1
       0
       4
       3
       0
       1
       3
       0
       3
       2
       3
       1
       2
       1
       3
       0
       1
       2
       0
       3
       1
       2
       2
       1
       2
       0
       2
       5
       4
       2
       1
       2
       2
       4
       2
       1
       2
       3
       5
       3
       5
       2
       2
       6
       5
       3
       6
       4
       2
       1
       2
       0
       5
       2
       5
       4
       1
       1
       4
       5
       3
       4
       2
       3
       3
       1
       2
       3
       1
       3
       7
       1
       2
       5
       5
       6
      10
       1
       5
       3
       5
       6
       1
       8
       4
       5
       3
       4
       5
       3
       4
       8
       7
       4
       1
       6
       3
       3
       1
       5
       7
       4
       2
       7
       5
       5
       5
       2
       5
       6
       4
       5
      12
       4
       3
       3
       3
       6
       5
       3
       4
       5
       2
       1
       5
       6
       1
       4
       6
       1
       2
       1
       2
       4
       3
       1
       1
       3
       0
       5
       4
       2
       2
       1
       1
       4
       1
       2
       6
       1
       3
       1
       1
       1
       1
       0
       1
       1
       0
       1
       1
       0
       3
       0
       3
       0
       1
       1
       0
       2
       0
       2
       2
       1
       1
       1
       2
       3
       0
       2
       1
       0
       1
       1
       1
       0
       3
       2
       1
       4
       1
       1
       1
       1
       1
       2
       1
       1
       1
       2
       0
       2
       0
       0
       0
       1
       3
       0
       0
       0
       0
       1
       0
       2
       0
       0
       4
       1
       0
       2
       2
       2
       0
       1
       0
       1
       0
       3
       1
       0
       1
       1
       1
       1
       0
       1
       1
       0
       2
       0
       1
       0
       1
       1
       0
       1
       0
       2
       0
       0
       2
       2
       1
       1
       1
       0
       1
       2
       1
       0
       1
       1
       0
       3
       3
       0
       1
       1
       1
       0
       2
       1
       1
       3
       1
       1
       0
       0
       3
       1
       0
       1
       2
       1
       2
       0
       0
       1
       0
       1
       0
       1
       2
       0
       1
       1
       0
       1
       1
       0
       0
       2
       0
       2
       1
       1
       2
       0
       0
       0
       0
       2
       0
       0
       1
       3
       0
       1
       1
       1
       0
       1
       0
       1
       1
       0
       1
       0
       3
       2
       0
       0
       0
       0
       1
       0
       0
       0
       0
       0
       0
       1
       0
       0
       0
       1
       0
       0
       0
       0
       0
       0
       0
       0
       1
       0
       0
       0
       2
       0
       0
       0
       0
       0
       0
       1
       0
       1
       1
       1
       0
       1
       0
       1
       2
       1
       0
       0
       0
       0
       0
       3
       0
       0
       0
       0
       0
       2
       1
       0
       0
       1
       0
       0
       2
       1
       1
       1
       2
       2
       1
       0
       0
       1
       0
       0
       0
       2
       0
       0
       1
       2
       0
       2
       0
       0
       0
       1
       1
       1
       0
       1
       0
       1
       0
       2
       0
       0
       0
       1
       0
       1
       1
       0
       1
       1
       0
       1
       2
       1
       3
       0
       1
       2
       1
       1
       1
       0
       2
       3
       1
       2
       1
       0
       0
       0
       1
       1
       0
       0
       0
       2
       1
       1
       0
       2
       0
       0
       0
       0
       1
       2
       1
       2
       1
       0
       2
       2
       0
       2
       2
       0
       2
       0
       0
       0
       1
       0
       2
       0
       2
       1
       0
       1
       0
       1
       1
       0
       0
       0
       1
       0
       0
       1
       0
       0
       0
       1
       0
       0
       0
       0
       2
       2
       0
       2
       0
       2
       1
       1
       1
       2
       0
       0
       1
       0
       1
       0
       0
       1
       0
       0
       2
       1
       0
       0
       1
       1
       1
       1
       0
       2
       0
       1
       0
       0
       0
       0
       0
       0
       2
       1
       1
       0
       1
       1
       0
       0
       1
       0
       1
       1
       0
       1
       0
       1
       4
       2
       0
       0
       4
       3
       0
       1
       2
       1
       1
       3
       0
       2
       1
       3
       1
       1
       4
       1
       0
       1
       0
       1
       0
       0
       1
       3
       1
       1
       1
       0
       0
       0
       1
       0
       0
       0
       1
       0
       1
       0
       0
       1
       0
       0
       1
       0
       0
       0
       0
       0
       0
       1
       2
       1
       0
       0
       0
       0
       0
       0
       0
       0
       0
       0
       0
       0
       0
       1
       0
       0
       0
       0
       0
       1
       0
       2
       2
       0
       0
       0
       2
       0
       0
       0
       1
       0
       0
       0
       0
       2
       0
       0
       0
       0
       2
       2
       3
       0
       1
       0
       0
       1
       0
       2
       1
       0
       1
       0
       1
       2
       0
       2
       2
       0
       2
       0
       1
       1
       2
       3
       3
       3
       3
       0
       1
       6
       5
      13
      16
      12
      13
       7
       6
       5
       9
       2
       3
       9
       5
       7
       1
       8
       2
       2
       5
       6
       3
       6
       0
       3
       2
       2
       1
       1
       0
       1
       0
       1
       1
       0
       0
       0
       0
       0
       0
       0
       0
       0
       0
       0
       0
       0
       0
       0
       0
       0
       0
       0
       0
       0
       0
       0
       0
       0
       0
       0
       0
       0
       0
       0
       0
       0
       0
       0
       0
       0
       0
       0
       0
       0
       0
       0
       0
       0
       0
       0
       0
       0
       0
       0
       0
       0
       0
       0
       0
       0
       0
       0
       0
       0
       0
       0
       0
       0
       0
       0
       0
       0
       0
       0
       0
       0
       0
       0
       0
       0
       0
       0
       0
       0
       0
       0
       0
       0
       0
       0
       0
       0
       0
       0
       0
       0
       0
       0
       0
       0
       0
       0
       0
       0
       0
       0
       0
       0
       0
       0
       0
       0
       0
       0
       0
       0
       0
       0
       0
       0
       0
       0
       0
       0
       0
       0
       0
       0
       0
       0
       0
       0
       0
       0
       0
       0
       0
       0
       0
       0
       0
       0
       0
       0
       0
       0
       0
       0
       0
       0
       0
       0
       0
       0
       0
       0
       0
       0
       0
       0
       0
       0
       0
       0
       0
       0
       0
       0
       0
       0
       0
       0
       0
       0
       0
       0
       0
       0
       0
       0
       0
       0
       0
       0
       0
       0
       0
       0
       0
       0
       0
       0
       0
       0
       0
       0
       0
       0
       0
       0
       0
       0
       0
       0
       0
       0
       0
       0
       0
       0
       0
       0
       0
       0
       0
       0
       0
       0
       0
       0
       0
       0
       0
       0
       0
       0
       0
       0
       0
       0
       0
       0
       0
       0
       0
       0
       0
       0
       0
       0
       0
       0
       0
       0
       0
       0
       0
       0
       0
       0
       0
       0
       0
       0
       0
       0
       0
       0
       0
       0
       0
       0
       0
       0
       0
       0
       0
       0
       0
       0
       0
       0
       0
       0
       0
       0
       0
       0
       0
       0
       0
       0
       0
       0
       0
       0
       0
       0
       0
       0
       0
       0
       0
       0
       0
       0
       0
       0
       0
       0
       0
       0
       0
       0
       0
       0
       0
       0
       0
       0
       0
       0
       0
       0
       0
       0
       0
       0
       0
       0
       0
       0
       0
       0
       0
       0
       0
       0
       0
       0
       0
       0
       0
       0
       0
       0
       0
       0
       0
       0
       0
       0
       0
       0
       0
       0
       0
       0
       0
       0
       0
       0
       0
       0
       0
       0
       0
       0
       0
       0
       0
       0
       0
       0
       0
       0
       0
       0
       0
       0
       0
       0
       0
       0
       0
       0
       0
       0
       0
       0
       0
       0
       0
       0
       0
       0
       0
       0
       0
       0
       0
       0
       0
       0
       0
       0
       0
       0
       0
       0
       0
       0
       0
       0
       0
       0
       0
       0
       0
       0
       0
       0
       0
       0
       0
       0
       0
       0
       0
       0
       0
       0
       0
       0
       0
       0
       0
       0
       0
       0
       0
       0
       0
       0
       0
       0
       0
       0
       0
       0
       0
       0
       0
       0
       0
       0
       0
       0
       0
       0
       0
       0
       0
       0
       0
       0
       0
       0
       0
       0
       0
       0
       0
       0
       0
       0
       0
       0
       0
       0
       0
       0
       0
       0
       0
       0
       0
       0
       0
       0
       0
       0
       0
       0
       0
       0
       0
       0
       0
       0
       0
       0
       0
       0
       0
       0
       0
       0
       0
       0
       0
       0
       0
       0
       0
       0
       0
       0
       0
       0
       0
       0
       0
       0
       0
       0
       0
       0
       0
       0
       0
       0
       0
       0
       0
       0
       0
       0
       0
       0
       0
       0
       0
       0
       0
       0
       0
       0
       0
       0
       0
       0
       0
       0
       0
       0
       0
       0
       0
       0
       0
       0
       0
       0
       0
       0
       0
       0
       0
       0
       0
       0
       0
       0
       0
       0
       0
       0
       0
       0
       0
       0
       0
       0
       0
       0
       0
       0
       0
       0
       0
       0
       0
       0
       0
       0
       0
       0
       0
       0
       0
       0
       0
       0
       0
       0
       0
       0
       0
       0
       0
       0
       0
       0
       0
       0
       0
       0
       0
       0
       0
       0
       0
       0
       0
       0
       0
       0
       0
       0
       0
       0
       0
       0
       0
       0
       0
       0
       0
$ROI:
1
1297 1591
$PRESETS:
Real Time
300
0
$ENER_FIT:
-14.559913 0.471242
$MCA_CAL:
3
-1.455991E+001 4.712425E-001 0.000000E+000 keV
$SHAPE_CAL:
3
1.284168E+002 -2.797580E-002 0.000000E+000
