$SPEC_ID:
Pulser
$SPEC_REM:
DET# 2
DETDESC# NUCLEAR-PC MCB 129 Input 2
AP# Maestro Version 6.08
$DATE_MEA:
02/05/2021 12:44:08
$MEAS_TIM:
287 300
$DATA:
0 4095
       0
       0
       0
       0
       0
       0
       0
       0
       0
       0
       0
       0
       0
       0
       0
       0
       0
       0
       0
       0
       0
       0
       0
       0
       0
       0
       0
       0
       0
       0
       0
       0
       0
       0
       0
       0
       0
       0
       0
       0
       0
       0
       0
       0
       0
       0
       0
      18
     164
     162
     159
     171
     183
     170
     210
     199
     215
     187
     221
     228
     220
     230
     267
     259
     241
     279
     288
     328
     308
     344
     413
     439
     525
     524
     553
     566
     607
     628
     679
     641
     679
     661
     656
     557
     555
     548
     509
     439
     463
     381
     383
     372
     333
     305
     276
     307
     276
     231
     234
     212
     241
     209
     194
     217
     195
     202
     209
     182
     194
     185
     201
     178
     216
     180
     203
     183
     177
     223
     201
     184
     203
     202
     211
     233
     198
     200
     210
     202
     205
     199
     200
     200
     210
     237
     204
     217
     202
     208
     211
     207
     224
     210
     222
     240
     230
     234
     219
     220
     239
     222
     231
     222
     212
     223
     271
     249
     239
     209
     224
     259
     256
     254
     231
     222
     271
     239
     246
     221
     259
     251
     263
     258
     227
     278
     271
     265
     301
     272
     243
     271
     257
     261
     259
     264
     270
     291
     289
     276
     299
     297
     294
     279
     275
     283
     291
     284
     275
     256
     269
     300
     300
     319
     276
     280
     268
     283
     274
     295
     314
     281
     309
     294
     287
     280
     309
     294
     295
     287
     285
     328
     327
     288
     301
     314
     295
     262
     293
     314
     293
     298
     296
     289
     278
     296
     296
     300
     334
     311
     295
     318
     323
     282
     300
     312
     322
     284
     326
     302
     319
     302
     301
     311
     320
     312
     313
     291
     316
     308
     311
     330
     253
     285
     280
     287
     286
     293
     298
     321
     302
     297
     320
     292
     327
     340
     313
     322
     286
     312
     330
     308
     329
     322
     327
     317
     292
     314
     291
     335
     353
     330
     330
     366
     290
     327
     333
     349
     329
     329
     353
     330
     304
     300
     333
     331
     317
     288
     347
     342
     334
     349
     320
     341
     313
     312
     332
     348
     308
     321
     333
     319
     323
     337
     299
     320
     327
     288
     326
     321
     355
     315
     328
     290
     324
     323
     338
     321
     301
     347
     350
     327
     316
     341
     346
     306
     289
     328
     306
     319
     294
     341
     295
     335
     333
     362
     344
     339
     292
     331
     353
     319
     356
     334
     368
     367
     340
     348
     349
     325
     349
     328
     331
     330
     345
     364
     331
     363
     353
     365
     344
     369
     383
     354
     347
     350
     371
     371
     391
     386
     381
     366
     392
     366
     378
     386
     399
     384
     417
     408
     404
     387
     378
     418
     417
     421
     465
     456
     406
     408
     429
     387
     459
     435
     461
     461
     460
     478
     458
     457
     439
     498
     460
     468
     448
     463
     462
     461
     481
     469
     499
     471
     454
     430
     442
     480
     465
     434
     464
     474
     444
     456
     489
     423
     450
     444
     431
     423
     430
     444
     473
     404
     401
     473
     481
     436
     411
     423
     421
     382
     425
     387
     400
     414
     399
     401
     428
     364
     399
     370
     403
     347
     389
     381
     389
     391
     391
     387
     352
     378
     360
     377
     364
     358
     359
     383
     364
     371
     347
     328
     339
     370
     348
     349
     359
     337
     342
     340
     317
     377
     316
     319
     330
     316
     345
     331
     298
     334
     327
     315
     280
     321
     326
     288
     289
     318
     319
     282
     330
     276
     280
     278
     292
     294
     310
     296
     291
     265
     306
     288
     306
     277
     280
     264
     275
     278
     311
     302
     289
     268
     252
     273
     263
     295
     238
     268
     291
     271
     295
     255
     274
     274
     248
     261
     275
     274
     262
     239
     262
     247
     269
     263
     261
     239
     232
     259
     275
     214
     218
     262
     239
     263
     232
     237
     221
     243
     239
     230
     235
     253
     260
     246
     219
     210
     236
     250
     237
     265
     220
     224
     238
     253
     222
     241
     220
     209
     271
     236
     221
     235
     221
     220
     232
     225
     212
     200
     234
     218
     202
     213
     225
     211
     205
     231
     217
     220
     233
     212
     241
     213
     241
     256
     233
     212
     183
     219
     210
     217
     233
     224
     206
     216
     221
     224
     219
     222
     211
     219
     211
     204
     213
     210
     209
     215
     220
     194
     185
     224
     210
     193
     203
     198
     211
     185
     220
     204
     198
     208
     204
     181
     219
     210
     188
     202
     209
     210
     197
     223
     184
     213
     228
     200
     210
     182
     197
     195
     211
     198
     213
     176
     209
     158
     200
     187
     174
     200
     182
     188
     171
     158
     174
     219
     199
     177
     197
     181
     189
     200
     208
     208
     170
     206
     187
     194
     158
     177
     198
     178
     189
     179
     194
     199
     187
     194
     171
     168
     181
     216
     204
     180
     167
     170
     197
     184
     180
     202
     181
     153
     189
     185
     210
     163
     201
     170
     180
     175
     172
     158
     188
     171
     180
     187
     192
     158
     197
     181
     160
     172
     193
     179
     185
     182
     195
     190
     177
     169
     179
     196
     150
     184
     175
     180
     184
     197
     184
     175
     194
     174
     167
     164
     155
     161
     177
     195
     202
     179
     164
     173
     185
     155
     173
     191
     168
     173
     169
     165
     179
     170
     169
     164
     190
     197
     173
     176
     174
     171
     179
     174
     161
     190
     139
     175
     165
     159
     191
     193
     176
     183
     183
     178
     175
     178
     156
     175
     180
     168
     190
     176
     173
     159
     166
     171
     173
     192
     186
     168
     191
     169
     165
     176
     157
     158
     171
     156
     180
     162
     175
     154
     180
     161
     177
     159
     183
     182
     182
     167
     166
     145
     175
     168
     177
     186
     166
     159
     158
     181
     185
     170
     162
     166
     165
     188
     161
     178
     187
     191
     142
     168
     198
     167
     195
     191
     174
     175
     162
     158
     153
     178
     175
     185
     172
     174
     185
     184
     177
     181
     178
     169
     152
     169
     181
     161
     176
     147
     180
     178
     164
     168
     175
     194
     162
     162
     183
     180
     167
     193
     184
     174
     165
     188
     166
     172
     179
     174
     160
     153
     156
     189
     181
     169
     156
     167
     190
     182
     197
     159
     186
     159
     174
     183
     169
     188
     190
     178
     202
     185
     170
     166
     163
     171
     212
     208
     176
     190
     161
     164
     171
     187
     186
     201
     196
     178
     170
     170
     183
     155
     175
     190
     191
     195
     155
     194
     172
     184
     152
     182
     163
     149
     155
     154
     176
     174
     162
     166
     176
     176
     149
     152
     165
     147
     169
     150
     145
     153
     153
     149
     141
     121
     128
     140
     126
     145
     124
     127
     145
     152
     130
     133
     125
     131
     124
     124
     133
     134
     134
     140
     135
     119
     118
     119
     101
     108
      95
     110
     105
     115
     142
     117
     127
      94
     111
      94
     110
     111
      83
      98
     103
     111
      82
      97
      73
      94
      87
      94
     104
     117
      92
      87
      97
      73
      86
      86
      80
      79
      67
      82
      71
      85
      68
      78
      74
      65
      62
      70
      79
      87
      71
      73
      71
      79
      61
      54
      58
      53
      54
      74
      60
      56
      55
      69
      68
      60
      52
      54
      44
      64
      58
      56
      49
      51
      52
      59
      55
      55
      53
      49
      45
      51
      62
      48
      49
      42
      44
      40
      40
      50
      42
      41
      33
      40
      45
      48
      44
      45
      44
      44
      51
      52
      48
      36
      44
      33
      45
      40
      46
      48
      47
      39
      39
      37
      45
      35
      41
      33
      41
      50
      32
      26
      27
      40
      23
      31
      28
      33
      35
      30
      29
      34
      36
      24
      30
      32
      39
      43
      29
      35
      26
      25
      25
      28
      32
      35
      28
      32
      31
      34
      22
      29
      31
      25
      19
      21
      23
      18
      26
      27
      20
      18
      26
      21
      22
      23
      24
      28
      27
      21
      32
      27
      29
      17
      30
      28
      29
      28
      23
      24
      34
      23
      28
      17
      23
      20
      10
      12
      25
      17
      18
      21
      27
      24
      21
      23
      23
      15
      24
      15
      19
      22
      20
      19
      19
      23
      18
      13
      13
      18
      27
      20
      21
      24
      23
      20
      24
      26
      26
      30
      22
      12
      24
      21
      19
      18
      21
      13
      27
      10
      13
      16
      16
      22
      18
      20
      23
      15
      22
      16
      20
      16
      23
      18
      19
      19
      25
      25
      14
      14
      23
      10
      20
      20
      18
      14
      23
      21
      10
      22
      13
      23
      23
      28
      20
      17
      18
      18
      25
      16
      29
      24
      30
      22
      24
      16
      17
      20
      17
      18
      23
      25
      23
      21
      30
      23
      13
      33
      24
      33
      25
      23
      26
      27
      31
      35
      23
      29
      25
      26
      33
      31
      39
      22
      34
      36
      38
      38
      30
      34
      36
      42
      39
      36
      53
      43
      45
      53
      47
      47
      50
      57
      47
      65
      70
      64
      66
      58
      77
      78
      84
      70
      92
      80
      87
      81
      94
      90
      98
      85
      97
     102
     119
     123
     125
     116
     125
     140
     125
     137
     151
     134
     136
     146
     151
     163
     172
     153
     168
     181
     212
     206
     242
     205
     251
     241
     244
     244
     240
     264
     278
     265
     289
     279
     333
     291
     295
     291
     323
     329
     329
     363
     376
     386
     434
     379
     440
     409
     413
     417
     446
     487
     462
     472
     501
     491
     499
     502
     517
     533
     553
     527
     552
     539
     590
     596
     643
     617
     685
     664
     649
     660
     683
     701
     661
     743
     729
     732
     771
     723
     772
     804
     786
     808
     813
     821
     826
     855
     872
     810
     910
     855
     949
     883
     901
     913
     926
     930
     893
     915
     942
     889
     989
     940
     986
     973
     991
     984
     902
    1007
     985
     987
    1026
    1021
     979
     996
    1065
    1021
     969
    1033
    1011
    1021
     973
     966
    1029
     986
     991
     989
     927
     998
     926
     923
     903
     944
     993
     896
     891
     873
     859
     930
     845
     890
     884
     856
     826
     863
     775
     800
     807
     810
     815
     810
     780
     731
     794
     712
     737
     703
     686
     661
     655
     626
     634
     616
     646
     661
     607
     617
     623
     593
     511
     557
     533
     489
     462
     465
     496
     460
     421
     462
     415
     387
     382
     391
     395
     362
     368
     400
     364
     324
     322
     286
     327
     292
     265
     273
     272
     292
     256
     255
     260
     243
     215
     207
     211
     194
     200
     162
     161
     159
     153
     145
     149
     147
     137
     148
     119
     138
     111
     127
     118
     108
      93
      92
      93
      80
      88
      84
      79
      72
      74
      76
      80
      68
      55
      61
      61
      60
      51
      41
      33
      46
      39
      43
      36
      35
      51
      33
      33
      25
      20
      30
      30
      31
      22
      23
      23
      18
      21
      18
      17
      14
      10
      11
       4
      23
      31
      18
      15
      13
      14
       7
      11
      11
      11
       7
      10
       6
       8
       7
       6
      12
       7
       8
       5
       9
       5
       9
       3
      13
       6
       8
      10
       4
       5
       7
       6
       5
       6
       8
       6
       7
       3
       4
       6
       3
       2
       8
       1
       4
       4
       8
       5
       2
       4
       3
       3
       3
       1
       4
       5
       8
       2
       3
       5
       4
       7
       4
       1
       2
       4
       5
       5
       5
       6
       3
       1
       2
       5
       8
       5
       3
       6
       2
       5
       3
       2
       5
       2
       3
       2
       3
       1
       1
       3
       4
       5
       2
       4
       8
       1
       3
       3
       3
       3
       3
       3
       9
       5
       4
       2
       5
       3
       5
       3
       3
       3
       3
       3
       3
       5
       1
       4
       3
       3
       7
       2
       3
       4
       6
       2
       0
       5
       6
       3
       2
       0
       3
       2
       2
       2
       2
       5
       4
       3
       2
       4
       2
       5
       5
       1
       3
       3
       3
       2
       3
       3
       4
       4
       1
       2
       2
       5
       1
       4
       1
       3
       1
       5
       6
       4
       4
       6
       0
       7
       2
       3
       2
       6
       6
       4
       3
       2
       5
       2
       5
       4
       7
       1
       3
       2
       3
       2
       3
       3
       5
       4
       4
       1
       3
       3
       2
       1
       4
       3
       1
       2
       3
       5
       4
       2
       0
       2
       3
       2
       1
       3
       6
       1
       1
       1
       4
       2
       1
       7
       1
       4
       3
       1
       2
       5
       3
       1
       4
       3
       1
       1
       5
       1
       1
       5
       4
       8
       4
       1
       5
       2
       2
       3
       4
       1
       3
       3
       2
       3
       2
       1
       6
       0
       3
       3
       2
       2
       3
       4
       6
       3
       5
       3
       4
       1
       3
       5
       2
       1
       4
       4
       5
       3
       3
       4
       3
       2
       3
       1
       4
       1
       3
       1
       4
       5
       2
       5
       5
       3
       4
       5
       3
       2
       2
       4
       2
       2
       2
       1
       2
       4
       5
       1
       3
       3
       1
       3
       1
       2
       2
       1
       3
       5
       3
       2
       3
       4
       3
       1
       3
       2
       3
       6
       5
       2
       0
       3
       2
       6
       5
       1
       2
       3
       1
       2
       2
       1
       4
       4
       3
       4
       3
       2
       0
       1
       1
       4
       1
       3
       6
       2
       3
       4
       2
       4
       3
       4
       4
       2
       5
       1
       4
       5
       3
       2
       2
       1
       1
       6
       4
       0
       1
       0
       2
       4
       3
       3
       2
       2
       4
       2
       4
       2
       2
       1
       3
       0
       4
       6
       1
       1
       2
       3
       2
       0
       3
       2
       3
       4
       5
       4
       1
       1
       5
       4
       2
       2
       2
       5
       5
       1
       6
       1
       1
       1
       1
       3
       1
       2
       1
       2
       4
       3
       2
       3
       2
       3
       2
       3
       4
       3
       6
       4
       2
       1
       4
       3
       1
       3
       2
       5
       3
       5
       2
       3
       2
       3
       3
       3
       6
       1
       1
       2
       2
       3
       1
       3
       3
       1
       1
       4
       1
       6
       2
       3
       3
       3
       2
       3
       0
       3
       1
       1
       3
       3
       1
       1
       1
       1
       4
       3
       2
       4
       3
       3
       3
       1
       1
       3
       3
       1
       4
       2
       3
       3
       2
       1
       2
       3
       0
       3
       2
       1
       2
       2
       2
       3
       1
       1
       1
       1
       2
       3
       3
       1
       0
       2
       1
       4
       2
       7
       2
       2
       3
       4
       6
       5
       3
       0
       1
       3
       4
       3
       0
       3
       6
       2
       7
       1
       3
       3
       0
       3
       2
       3
       1
       1
       0
       2
       0
       0
       1
       2
       1
       3
       3
       4
       3
       3
       2
       2
       2
       1
       4
       2
       2
       1
       3
       1
       3
       3
       1
       1
       1
       5
       2
       1
       1
       0
       1
       2
       2
       5
       1
       2
       3
       1
       1
       3
       1
       2
       3
       2
       0
       1
       2
       1
       2
       3
       1
       2
       1
       2
       2
       2
       2
       5
       0
       3
       4
       1
       0
       2
       4
       4
       1
       2
       1
       0
       2
       1
       4
       3
       3
       2
       3
       2
       1
       4
       6
       1
       1
       3
       0
       4
       2
       0
       2
       3
       4
       2
       4
       1
       3
       2
       4
       2
       2
       2
       1
       0
       1
       0
       5
       2
       1
       1
       2
       0
       2
       1
       2
       1
       4
       2
       4
       3
       2
       1
       3
       2
       1
       2
       3
       5
       2
       1
       1
       4
       1
       3
       1
       0
       1
       1
       2
       2
       0
       2
       0
       0
       5
       2
       0
       3
       0
       1
       0
       3
       1
       2
       0
       1
       1
       3
       3
       1
       2
       1
       1
       2
       3
       2
       2
       2
       0
       1
       1
       0
       2
       1
       1
       2
       0
       1
       1
       2
       0
       1
       0
       1
       3
       0
       1
       3
       1
       1
       0
       3
       3
       1
       3
       2
       0
       2
       2
       1
       1
       3
       1
       1
       2
       2
       2
       1
       0
       2
       0
       0
       2
       2
       0
       3
       2
       2
       0
       1
       0
       1
       0
       2
       2
       0
       2
       1
       0
       1
       1
       1
       2
       1
       0
       2
       1
       2
       1
       2
       3
       2
       0
       2
       2
       1
       3
       1
       2
       1
       0
       2
       1
       3
       1
       0
       1
       2
       2
       1
       1
       3
       0
       0
       3
       3
       2
       1
       0
       0
       2
       2
       4
       1
       0
       3
       0
       0
       2
       2
       1
       2
       0
       2
       1
       2
       3
       1
       0
       2
       1
       0
       2
       1
       0
       1
       0
       0
       0
       1
       0
       0
       3
       3
       2
       2
       0
       3
       2
       3
       1
       1
       1
       0
       2
       0
       3
       3
       0
       1
       6
       1
       0
       2
       2
       4
       2
       2
       1
       0
       0
       0
       0
       0
       2
       0
       2
       1
       2
       0
       0
       0
       1
       2
       1
       1
       1
       3
       2
       2
       0
       1
       2
       3
       2
       1
       2
       0
       2
       2
       0
       0
       0
       1
       3
       2
       1
       1
       1
       1
       0
       3
       2
       2
       3
       1
       0
       3
       0
       3
       1
       0
       3
       1
       5
       1
       1
       0
       0
       2
       1
       2
       4
       0
       3
       0
       2
       3
       1
       0
       0
       0
       0
       2
       2
       2
       0
       2
       1
       5
       2
       2
       2
       2
       0
       1
       2
       1
       2
       3
       0
       1
       2
       0
       3
       0
       1
       2
       4
       0
       0
       0
       1
       1
       1
       2
       1
       2
       2
       1
       0
       2
       2
       3
       1
       1
       4
       1
       0
       0
       2
       4
       3
       2
       0
       1
       2
       2
       4
       2
       0
       0
       0
       3
       5
       0
       3
       1
       1
       1
       1
       3
       1
       0
       2
       3
       5
       2
       0
       1
       3
       0
       2
       2
       1
       2
       1
       1
       3
       1
       3
       1
       1
       2
       2
       2
       2
       0
       0
       2
       3
       1
       1
       5
       4
       2
       4
       1
       4
       0
       1
       1
       2
       2
       1
       2
       2
       2
       4
       0
       0
       2
       4
       5
       3
       2
       0
       2
       3
       0
       0
       1
       1
       2
       2
       0
       2
       1
       2
       3
       0
       1
       1
       2
       0
       2
       2
       2
       1
       3
       2
       0
       1
       0
       4
       0
       1
       3
       1
       3
       1
       1
       3
       1
       0
       0
       3
       2
       3
       2
       0
       1
       3
       1
       1
       4
       2
       2
       1
       0
       1
       1
       2
       2
       2
       1
       1
       4
       0
       0
       3
       2
       4
       0
       3
       2
       2
       4
       1
       1
       3
       1
       2
       2
       1
       4
       3
       1
       7
       3
       6
       2
       5
       1
       3
       4
       4
       1
       4
       3
       5
       0
       5
       3
       4
       3
       3
       5
       1
       0
       3
       2
       4
       6
       2
       2
       3
       0
       2
       5
       3
       3
       3
       3
       3
       2
       1
       6
       3
       3
       2
       5
       2
       2
       4
       2
       5
       3
       5
       3
       4
       1
       5
       6
       9
       3
       5
       8
       5
       4
       9
       7
       6
       7
       2
       6
       5
       4
       5
       2
       7
       3
       6
       4
       3
       7
       2
       7
       7
       3
       2
       2
       3
       5
       3
       8
       7
       9
       3
       4
       5
       4
       4
       6
       2
       2
       9
       2
       5
       3
       8
       4
       6
       2
       3
       6
       2
       6
       5
       2
       3
       3
       3
       3
       4
       1
       2
       4
       1
       0
       2
       1
       2
       3
       2
       3
       3
       2
       0
       1
       3
       2
       1
       1
       1
       1
       1
       0
       1
       1
       2
       2
       0
       3
       1
       2
       0
       1
       2
       0
       0
       0
       0
       1
       0
       1
       0
       0
       3
       2
       2
       1
       1
       0
       0
       3
       1
       0
       0
       2
       4
       0
       2
       2
       0
       0
       0
       1
       0
       0
       2
       3
       1
       2
       1
       0
       0
       0
       0
       0
       3
       2
       0
       1
       1
       2
       2
       1
       1
       0
       1
       0
       0
       0
       0
       0
       0
       2
       0
       0
       1
       0
       1
       0
       0
       0
       1
       0
       0
       0
       0
       1
       0
       2
       2
       0
       0
       0
       0
       1
       0
       0
       1
       1
       0
       0
       2
       2
       1
       0
       2
       1
       2
       0
       1
       1
       0
       3
       1
       0
       3
       1
       3
       1
       1
       1
       2
       1
       1
       1
       1
       3
       0
       0
       0
       2
       0
       3
       0
       1
       1
       1
       1
       1
       0
       1
       1
       1
       0
       1
       1
       2
       0
       0
       2
       2
       1
       0
       2
       0
       0
       0
       1
       0
       2
       0
       0
       0
       1
       0
       2
       0
       1
       0
       0
       0
       0
       0
       0
       0
       0
       1
       0
       1
       1
       1
       1
       0
       2
       2
       2
       1
       1
       1
       0
       1
       0
       1
       0
       1
       0
       2
       0
       1
       1
       0
       0
       0
       0
       0
       1
       1
       1
       0
       0
       2
       0
       1
       0
       0
       0
       2
       0
       0
       0
       0
       0
       0
       1
       1
       0
       0
       0
       1
       1
       3
       0
       1
       0
       0
       0
       0
       0
       0
       1
       0
       0
       1
       1
       0
       0
       1
       1
       0
       0
       0
       3
       2
       1
       1
       1
       1
       0
       0
       0
       0
       2
       0
       1
       0
       0
       1
       1
       0
       2
       3
       0
       1
       2
       1
       1
       1
       1
       1
       1
       3
       3
       0
       0
       0
       0
       1
       0
       0
       0
       2
       0
       2
       2
       2
       0
       0
       1
       2
       0
       0
       1
       2
       1
       2
       2
       1
       0
       0
       0
       0
       0
       0
       0
       0
       1
       1
       2
       0
       2
       1
       1
       1
       1
       1
       2
       0
       1
       0
       1
       2
       0
       3
       0
       1
       1
       0
       0
       0
       2
       1
       1
       3
       0
       1
       0
       2
       1
       0
       1
       0
       0
       2
       2
       1
       1
       1
       0
       1
       3
       1
       0
       1
       1
       0
       0
       0
       0
       0
       1
       0
       1
       1
       0
       1
       3
       0
       0
       0
       0
       0
       0
       0
       0
       1
       0
       1
       0
       0
       0
       0
       0
       0
       2
       0
       0
       0
       2
       0
       0
       1
       1
       0
       0
       0
       0
       1
       2
       2
       5
       0
       0
       1
       1
       0
       2
       4
       2
       2
       0
       1
       6
       3
       1
       5
       3
       2
       2
       1
       2
       0
       1
       0
       1
       0
       0
       1
       0
       1
       0
       0
       0
       0
       0
       0
       0
       0
       0
       0
       0
       0
       0
       2
       1
       0
       1
       0
       0
       2
       0
       0
       0
       1
       1
       0
       0
       0
       1
       0
       0
       1
       1
       0
       1
       1
       1
       0
       1
       0
       1
       1
       0
       0
       0
       0
       0
       0
       1
       0
       1
       1
       0
       1
       0
       2
       0
       0
       3
       2
       1
       2
       0
       2
       0
       1
       1
       1
       1
       0
       1
       0
       0
       1
       0
       0
       1
       2
       0
       2
       3
       2
       2
       2
       0
       2
       1
       1
       2
       2
       0
       2
       3
       5
       3
       5
       4
      14
      14
      15
      13
      10
      15
      11
       8
      11
       9
       6
       8
       7
       8
       3
       5
       6
       3
       2
       3
       4
       2
       0
       1
       1
       2
       0
       4
       0
       0
       1
       0
       0
       0
       0
       0
       0
       0
       0
       0
       0
       0
       0
       0
       0
       0
       0
       0
       0
       0
       0
       0
       0
       0
       0
       0
       0
       0
       0
       0
       0
       0
       0
       0
       0
       0
       0
       0
       0
       0
       0
       0
       0
       0
       0
       0
       0
       0
       0
       0
       0
       0
       0
       0
       0
       0
       0
       0
       0
       0
       0
       0
       0
       0
       0
       0
       0
       0
       0
       0
       0
       0
       0
       0
       0
       0
       0
       0
       0
       0
       0
       0
       0
       0
       0
       0
       0
       0
       0
       0
       0
       0
       0
       0
       0
       0
       0
       0
       0
       0
       0
       0
       0
       0
       0
       0
       0
       0
       0
       0
       0
       0
       0
       0
       0
       0
       0
       0
       0
       0
       0
       0
       0
       0
       0
       0
       0
       0
       0
       0
       0
       0
       0
       0
       0
       0
       0
       0
       0
       0
       0
       0
       0
       0
       0
       0
       0
       0
       0
       0
       0
       0
       0
       0
       0
       0
       0
       0
       0
       0
       0
       0
       0
       0
       0
       0
       0
       0
       0
       0
       0
       0
       0
       0
       0
       0
       0
       0
       0
       0
       0
       0
       0
       0
       0
       0
       0
       0
       0
       0
       0
       0
       0
       0
       0
       0
       0
       0
       0
       0
       0
       0
       0
       0
       0
       0
       0
       0
       0
       0
       0
       0
       0
       0
       0
       0
       0
       0
       0
       0
       0
       0
       0
       0
       0
       0
       0
       0
       0
       0
       0
       0
       0
       0
       0
       0
       0
       0
       0
       0
       0
       0
       0
       0
       0
       0
       0
       0
       0
       0
       0
       0
       0
       0
       0
       0
       0
       0
       0
       0
       0
       0
       0
       0
       0
       0
       0
       0
       0
       0
       0
       0
       0
       0
       0
       0
       0
       0
       0
       0
       0
       0
       0
       0
       0
       0
       0
       0
       0
       0
       0
       0
       0
       0
       0
       0
       0
       0
       0
       0
       0
       0
       0
       0
       0
       0
       0
       0
       0
       0
       0
       0
       0
       0
       0
       0
       0
       0
       0
       0
       0
       0
       0
       0
       0
       0
       0
       0
       0
       0
       0
       0
       0
       0
       0
       0
       0
       0
       0
       0
       0
       0
       0
       0
       0
       0
       0
       0
       0
       0
       0
       0
       0
       0
       0
       0
       0
       0
       0
       0
       0
       0
       0
       0
       0
       0
       0
       0
       0
       0
       0
       0
       0
       0
       0
       0
       0
       0
       0
       0
       0
       0
       0
       0
       0
       0
       0
       0
       0
       0
       0
       0
       0
       0
       0
       0
       0
       0
       0
       0
       0
       0
       0
       0
       0
       0
       0
       0
       0
       0
       0
       0
       0
       0
       0
       0
       0
       0
       0
       0
       0
       0
       0
       0
       0
       0
       0
       0
       0
       0
       0
       0
       0
       0
       0
       0
       0
       0
       0
       0
       0
       0
       0
       0
       0
       0
       0
       0
       0
       0
       0
       0
       0
       0
       0
       0
       0
       0
       0
       0
       0
       0
       0
       0
       0
       0
       0
       0
       0
       0
       0
       0
       0
       0
       0
       0
       0
       0
       0
       0
       0
       0
       0
       0
       0
       0
       0
       0
       0
       0
       0
       0
       0
       0
       0
       0
       0
       0
       0
       0
       0
       0
       0
       0
       0
       0
       0
       0
       0
       0
       0
       0
       0
       0
       0
       0
       0
       0
       0
       0
       0
       0
       0
       0
       0
       0
       0
       0
       0
       0
       0
       0
       0
       0
       0
       0
       0
       0
       0
       0
       0
       0
       0
       0
       0
       0
       0
       0
       0
       0
       0
       0
       0
       0
       0
       0
       0
       0
       0
       0
       0
       0
       0
       0
       0
       0
       0
       0
       0
       0
       0
       0
       0
       0
       0
       0
       0
       0
       0
       0
       0
       0
       0
       0
       0
       0
       0
       0
       0
       0
       0
       0
       0
       0
       0
       0
       0
       0
       0
       0
       0
       0
       0
       0
       0
       0
       0
       0
       0
       0
       0
       0
       0
       0
       0
       0
       0
       0
       0
       0
       0
       0
       0
       0
       0
       0
       0
       0
$ROI:
1
1297 1591
$PRESETS:
Real Time
300
0
$ENER_FIT:
-14.559913 0.471242
$MCA_CAL:
3
-1.455991E+001 4.712425E-001 0.000000E+000 keV
$SHAPE_CAL:
3
1.284168E+002 -2.797580E-002 0.000000E+000
