$SPEC_ID:
Pulser
$SPEC_REM:
DET# 2
DETDESC# NUCLEAR-PC MCB 129 Input 2
AP# Maestro Version 6.08
$DATE_MEA:
02/05/2021 12:52:02
$MEAS_TIM:
287 300
$DATA:
0 4095
       0
       0
       0
       0
       0
       0
       0
       0
       0
       0
       0
       0
       0
       0
       0
       0
       0
       0
       0
       0
       0
       0
       0
       0
       0
       0
       0
       0
       0
       0
       0
       0
       0
       0
       0
       0
       0
       0
       0
       0
       0
       0
       0
       0
       0
       0
       0
      27
     189
     154
     172
     180
     157
     194
     189
     201
     192
     217
     205
     198
     206
     224
     212
     231
     218
     246
     276
     293
     299
     290
     336
     364
     413
     429
     435
     482
     496
     523
     482
     508
     480
     477
     475
     460
     421
     388
     406
     383
     341
     359
     309
     292
     271
     263
     259
     248
     235
     238
     228
     208
     235
     214
     190
     192
     202
     218
     187
     197
     194
     169
     186
     194
     184
     208
     225
     202
     212
     208
     177
     194
     209
     210
     197
     232
     198
     190
     223
     189
     205
     202
     226
     227
     215
     219
     220
     218
     216
     216
     217
     207
     225
     221
     230
     222
     238
     221
     220
     235
     217
     235
     216
     249
     240
     241
     234
     238
     249
     242
     256
     253
     237
     237
     282
     246
     248
     255
     243
     251
     253
     267
     233
     260
     268
     237
     257
     250
     275
     270
     260
     226
     255
     268
     304
     246
     279
     311
     290
     291
     310
     264
     252
     276
     274
     272
     284
     298
     294
     279
     280
     276
     306
     297
     285
     288
     302
     292
     306
     308
     318
     265
     294
     289
     280
     241
     284
     295
     300
     318
     274
     314
     305
     290
     294
     282
     279
     296
     287
     281
     316
     307
     295
     255
     300
     296
     315
     314
     292
     307
     285
     286
     280
     285
     295
     303
     288
     286
     285
     332
     277
     303
     275
     302
     298
     312
     320
     317
     336
     313
     287
     323
     333
     307
     327
     307
     321
     337
     307
     331
     305
     304
     344
     313
     289
     301
     328
     308
     309
     290
     338
     292
     318
     301
     330
     343
     303
     310
     312
     322
     314
     329
     324
     303
     340
     340
     331
     327
     353
     301
     293
     310
     289
     328
     314
     340
     353
     313
     335
     348
     305
     350
     323
     316
     313
     334
     338
     336
     321
     307
     302
     321
     327
     321
     343
     358
     300
     327
     316
     329
     313
     354
     343
     325
     350
     359
     280
     323
     338
     360
     329
     348
     329
     303
     339
     321
     343
     338
     322
     324
     317
     328
     331
     360
     305
     335
     331
     306
     334
     320
     313
     355
     338
     312
     325
     330
     335
     334
     349
     351
     347
     329
     351
     350
     347
     363
     403
     336
     340
     338
     355
     347
     346
     366
     369
     396
     387
     387
     381
     370
     351
     359
     421
     367
     378
     411
     407
     400
     430
     416
     424
     396
     415
     445
     431
     398
     449
     422
     419
     439
     437
     469
     457
     433
     449
     458
     453
     478
     480
     470
     424
     465
     465
     464
     471
     471
     447
     439
     482
     464
     438
     481
     462
     471
     451
     437
     450
     463
     440
     433
     431
     445
     438
     435
     457
     441
     440
     437
     431
     453
     469
     397
     406
     460
     397
     384
     426
     396
     405
     424
     393
     394
     413
     386
     400
     395
     361
     340
     383
     398
     351
     345
     353
     361
     358
     347
     327
     341
     372
     389
     378
     367
     351
     335
     321
     312
     344
     387
     361
     363
     335
     323
     362
     311
     335
     312
     337
     311
     336
     332
     323
     316
     327
     317
     296
     324
     346
     341
     313
     294
     323
     313
     309
     294
     299
     322
     325
     301
     308
     247
     284
     271
     323
     282
     288
     311
     293
     292
     277
     304
     299
     320
     275
     282
     275
     288
     272
     261
     268
     290
     279
     261
     264
     252
     279
     248
     248
     251
     268
     239
     268
     287
     268
     244
     270
     254
     271
     251
     247
     248
     251
     272
     243
     247
     252
     240
     278
     250
     238
     250
     264
     226
     245
     250
     226
     242
     266
     234
     227
     241
     216
     248
     224
     219
     237
     219
     242
     228
     218
     226
     212
     237
     246
     217
     227
     216
     258
     205
     250
     235
     245
     231
     235
     238
     219
     217
     207
     227
     250
     190
     217
     214
     208
     232
     203
     225
     229
     211
     243
     212
     241
     219
     237
     209
     216
     221
     206
     233
     201
     213
     214
     240
     222
     241
     214
     242
     215
     231
     238
     214
     199
     200
     189
     219
     209
     227
     222
     194
     217
     208
     214
     214
     215
     218
     212
     218
     202
     209
     190
     194
     188
     215
     192
     193
     200
     216
     189
     210
     170
     210
     221
     198
     211
     205
     159
     212
     165
     205
     211
     196
     196
     206
     193
     179
     211
     217
     199
     210
     201
     200
     184
     192
     201
     215
     191
     188
     182
     224
     195
     208
     196
     224
     187
     186
     195
     189
     187
     178
     175
     193
     182
     199
     165
     186
     205
     193
     177
     161
     202
     144
     176
     165
     181
     181
     193
     178
     192
     181
     179
     185
     182
     184
     187
     186
     221
     192
     177
     195
     172
     193
     186
     180
     175
     159
     186
     161
     207
     176
     178
     202
     176
     188
     181
     189
     187
     174
     161
     170
     189
     221
     179
     159
     169
     182
     155
     175
     195
     170
     171
     207
     179
     184
     164
     183
     182
     161
     199
     164
     154
     167
     168
     176
     191
     179
     194
     162
     179
     177
     172
     159
     188
     176
     185
     175
     198
     163
     184
     155
     175
     154
     179
     168
     168
     182
     205
     179
     170
     172
     192
     193
     180
     164
     178
     175
     164
     160
     158
     185
     151
     175
     211
     175
     169
     167
     154
     163
     191
     155
     161
     145
     152
     178
     198
     168
     173
     183
     163
     163
     156
     173
     143
     189
     161
     167
     169
     176
     192
     154
     185
     173
     159
     166
     168
     179
     158
     191
     169
     177
     166
     161
     154
     171
     175
     171
     205
     173
     160
     176
     154
     197
     158
     169
     167
     179
     170
     195
     179
     182
     175
     176
     180
     161
     186
     172
     188
     184
     188
     172
     181
     172
     183
     157
     198
     186
     169
     171
     186
     164
     175
     210
     165
     192
     192
     154
     159
     188
     185
     180
     171
     186
     188
     188
     170
     192
     168
     169
     188
     171
     169
     186
     177
     161
     164
     179
     183
     180
     164
     211
     154
     170
     194
     185
     195
     180
     177
     188
     168
     198
     166
     176
     192
     166
     172
     180
     187
     177
     178
     183
     204
     186
     158
     191
     154
     154
     181
     157
     182
     169
     147
     188
     172
     169
     166
     173
     160
     175
     160
     171
     141
     167
     153
     169
     167
     165
     159
     167
     151
     160
     139
     137
     150
     153
     159
     128
     124
     138
     146
     154
     151
     143
     151
     128
     135
     131
     153
     151
     116
     132
     128
     133
     126
     117
     132
     141
     129
     128
     118
     100
     105
     129
      99
     100
     108
      91
     123
     114
      80
     126
     102
     114
      95
      82
     106
      96
      97
      86
      85
      88
     101
      72
      84
      93
      80
      72
      84
      75
      74
      74
      83
      67
      84
      76
      51
      82
      92
      77
      76
      68
      81
      61
      69
      77
      58
      57
      58
      51
      59
      72
      66
      72
      63
      75
      68
      42
      64
      57
      63
      53
      60
      41
      56
      55
      51
      53
      65
      49
      52
      44
      54
      44
      52
      50
      57
      61
      50
      39
      40
      40
      39
      38
      47
      48
      50
      45
      36
      44
      42
      45
      43
      48
      37
      37
      44
      37
      29
      48
      40
      34
      41
      42
      33
      36
      41
      40
      41
      36
      33
      35
      41
      37
      43
      42
      45
      38
      31
      27
      46
      29
      42
      33
      26
      27
      27
      32
      38
      33
      32
      30
      35
      28
      30
      32
      30
      31
      27
      25
      32
      30
      21
      31
      28
      26
      20
      28
      26
      25
      31
      27
      32
      19
      17
      27
      16
      34
      34
      21
      19
      22
      31
      29
      25
      26
      28
      23
      22
      25
      21
      35
      25
      22
      20
      25
      22
      11
      22
      27
      23
      32
      17
      25
      17
      30
      29
      22
      24
      20
      16
      24
      21
      18
      18
      16
      19
      31
      27
      22
      14
      15
      17
      17
      23
      19
      24
      16
      19
      34
      15
      26
      15
      19
      21
      24
      11
      27
      23
      15
      19
      14
      27
      31
      20
      16
      20
      19
      17
      15
      20
      24
      21
      17
      19
      11
      23
      14
      25
      19
      18
      18
      22
      24
      23
      23
      18
      19
      16
      15
      16
      20
      19
      10
      17
      21
      19
      24
      25
      11
      26
      17
      16
      14
      17
      19
      17
      23
      20
      22
      36
      23
      22
      24
      19
      19
      20
      20
      23
      26
      16
      30
      17
      30
      19
      25
      22
      26
      30
      22
      25
      31
      34
      35
      26
      22
      24
      35
      27
      31
      35
      33
      37
      36
      36
      38
      31
      41
      32
      39
      33
      57
      47
      40
      50
      57
      66
      59
      57
      59
      52
      62
      72
      65
      63
      91
      87
      86
      84
      83
      81
      87
      75
      94
      96
      94
     108
     100
     112
     143
     134
     137
     100
     135
     137
     139
     129
     152
     146
     159
     167
     194
     179
     216
     201
     207
     195
     194
     218
     218
     250
     228
     265
     268
     268
     283
     292
     256
     299
     292
     332
     331
     344
     348
     344
     337
     355
     364
     380
     428
     413
     378
     419
     421
     410
     438
     447
     502
     513
     465
     473
     524
     557
     518
     568
     573
     496
     572
     613
     579
     598
     640
     652
     661
     657
     667
     718
     723
     717
     723
     721
     751
     784
     745
     760
     796
     777
     774
     848
     827
     790
     839
     925
     830
     818
     907
     832
     894
     920
     877
     953
     939
     921
     945
     980
     971
     949
     951
     936
    1012
     953
     989
     958
     971
    1000
    1010
     967
     974
     946
     975
     978
    1013
     970
    1027
    1022
     987
    1019
    1022
     957
     993
     971
     960
     980
     945
     933
     995
     945
     948
     941
     968
     920
     921
     914
     873
     871
     893
     812
     880
     840
     873
     852
     791
     859
     789
     768
     759
     759
     761
     754
     800
     710
     658
     685
     744
     645
     659
     630
     664
     621
     622
     617
     580
     582
     553
     564
     560
     552
     536
     510
     508
     468
     460
     500
     483
     459
     437
     457
     425
     415
     376
     368
     321
     354
     354
     345
     314
     279
     274
     294
     265
     284
     247
     245
     221
     215
     262
     215
     204
     197
     221
     200
     185
     168
     190
     144
     139
     154
     165
     143
     138
     132
     135
     116
     108
      97
      95
     102
      92
      92
      89
      84
      78
      67
     102
      78
      64
      68
      65
      58
      52
      43
      44
      47
      60
      54
      39
      49
      39
      33
      33
      36
      28
      38
      31
      27
      28
      30
      27
      22
      26
      30
      13
      17
      12
      11
      16
      16
      13
       8
      10
      13
      13
      12
      12
       3
      10
      13
      13
      10
       9
      11
       7
      10
       8
       8
       6
      12
       6
       6
       5
       5
       3
       6
       3
       5
       5
       7
       4
       5
       5
       6
       8
       4
       6
      10
       3
       1
       6
       6
       6
       5
       6
       4
       5
       4
       2
       1
       6
       2
       6
       2
       9
       4
       5
       2
       2
       1
       4
       6
       5
       3
       8
       4
       3
       2
       8
       4
       6
       5
       7
       2
       4
       4
       6
       4
       6
       4
       3
       2
       2
       3
       2
       5
       5
       2
       3
       2
       4
       3
       2
       3
       3
       6
       2
       1
       4
       7
       5
       5
       6
       4
       2
       0
       0
       2
       3
       3
       3
       3
       5
       4
       5
       3
       5
       1
       3
       3
       5
       4
       5
       6
       2
       3
       1
       3
       4
       1
       4
       3
       3
       5
       4
       5
       2
       4
       2
       1
       3
       6
       4
       1
       5
       6
       1
       2
       3
       4
       6
       3
       6
       3
       3
       4
       2
       5
       4
       1
       6
       5
       4
       6
       5
       2
       7
       3
       4
       4
       6
       1
       2
       1
       6
       4
       4
       2
       5
       3
       6
       2
       4
       2
       2
       3
       5
       2
       3
       1
       1
       3
       4
       5
       2
       2
       6
       3
       0
       4
       3
       4
       2
       2
       5
       6
       3
       4
       4
       2
       3
       3
       5
       2
       4
       5
       3
       1
       5
       2
       5
       1
       4
       4
       1
       3
       1
       2
       1
       0
       4
       7
       3
       2
       1
       1
       1
       0
       2
       4
       3
       2
       2
       1
       2
       4
       1
       2
       6
       0
       4
       4
       5
       5
       3
       1
       2
       1
       7
       1
       1
       2
       0
       3
       3
       4
       3
       3
       5
       6
       3
       3
       2
       3
       4
       1
       2
       1
       0
       3
       1
       1
       3
       2
       3
       3
       4
       3
       6
       3
       3
       1
       2
       2
       3
       2
       3
       9
       3
       1
       1
       0
       5
       3
       2
       5
       1
       3
       8
       6
       6
       1
       1
       1
       3
       4
       1
       3
       3
       3
       2
       3
       4
       2
       5
       5
       2
       0
       3
       5
       3
       4
       2
       2
       4
       1
       1
       2
       2
       2
       0
       2
       5
       4
       4
       3
       4
       5
       1
       5
       3
       3
       5
       0
       1
       2
       1
       3
       6
       4
       0
       7
       1
       0
       2
       5
       4
       3
       2
       0
       3
       3
       1
       4
       0
       4
       2
       2
       1
       2
       1
       3
       4
       5
       1
       7
       2
       3
       2
       2
       3
       0
       2
       2
       1
       4
       4
       2
       3
       3
       2
       3
       0
       7
       5
       2
       3
       2
       3
       5
       2
       2
       2
       8
       3
       5
       4
       1
       2
       4
       3
       2
       3
       2
       3
       6
       1
       6
       2
       4
       2
       2
       3
       2
       2
       2
       4
       1
       2
       4
       4
       6
       1
       6
       2
       2
       3
       4
       1
       3
       4
       5
       4
       1
       2
       3
       0
       3
       0
       3
       3
       4
       2
       2
       5
       3
       6
       2
       3
       2
       5
       2
       1
       0
       2
       2
       3
       3
       1
       3
       1
       3
       2
       1
       2
       3
       2
       1
       4
       3
       4
       2
       3
       3
       2
       4
       2
       3
       2
       1
       3
       3
       1
       1
       2
       1
       6
       2
       6
       1
       1
       2
       5
       3
       1
       2
       4
       2
       1
       4
       2
       1
       4
       5
       1
       2
       3
       0
       1
       0
       2
       4
       0
       2
       5
       2
       2
       2
       2
       3
       1
       0
       1
       3
       2
       2
       0
       5
       1
       1
       3
       1
       1
       4
       3
       3
       1
       3
       0
       2
       0
       1
       2
       2
       3
       3
       4
       2
       1
       7
       1
       2
       0
       1
       2
       1
       3
       0
       3
       1
       1
       3
       2
       0
       1
       6
       4
       0
       1
       4
       1
       1
       4
       3
       3
       3
       1
       3
       1
       0
       4
       3
       2
       1
       2
       4
       0
       1
       2
       0
       3
       2
       2
       0
       1
       4
       3
       3
       1
       1
       3
       2
       1
       1
       2
       2
       0
       4
       2
       4
       1
       1
       2
       4
       4
       1
       0
       1
       1
       5
       2
       0
       0
       1
       0
       2
       0
       2
       4
       2
       2
       1
       2
       3
       3
       2
       1
       1
       0
       0
       1
       1
       1
       1
       1
       1
       1
       1
       2
       1
       1
       2
       3
       2
       1
       1
       2
       3
       0
       2
       2
       2
       0
       1
       2
       1
       2
       0
       0
       3
       0
       1
       2
       2
       1
       1
       1
       0
       2
       0
       4
       1
       5
       1
       4
       3
       3
       0
       1
       0
       0
       2
       2
       1
       0
       4
       3
       1
       0
       2
       3
       0
       2
       1
       2
       3
       3
       2
       2
       2
       2
       2
       1
       1
       1
       4
       1
       1
       4
       0
       2
       0
       1
       0
       0
       0
       4
       1
       1
       1
       2
       0
       2
       0
       0
       3
       2
       0
       0
       1
       2
       0
       2
       2
       1
       1
       1
       1
       2
       2
       0
       0
       1
       1
       1
       0
       2
       2
       1
       0
       0
       4
       1
       0
       1
       3
       1
       0
       0
       2
       1
       3
       1
       1
       1
       0
       1
       3
       1
       2
       1
       0
       2
       1
       0
       2
       1
       0
       4
       1
       2
       2
       3
       0
       4
       2
       0
       0
       1
       2
       2
       2
       2
       1
       0
       1
       0
       1
       1
       1
       1
       4
       2
       1
       0
       4
       1
       1
       1
       2
       2
       1
       1
       1
       1
       2
       1
       2
       1
       1
       1
       1
       0
       2
       1
       2
       3
       3
       0
       3
       0
       2
       0
       4
       1
       1
       2
       3
       2
       1
       1
       2
       1
       1
       1
       2
       2
       1
       2
       2
       1
       2
       0
       4
       0
       2
       0
       1
       1
       4
       1
       1
       1
       5
       1
       2
       1
       0
       2
       1
       1
       3
       0
       2
       0
       3
       2
       1
       1
       2
       3
       2
       1
       0
       1
       0
       0
       1
       2
       2
       0
       0
       2
       0
       1
       3
       1
       1
       2
       0
       2
       3
       0
       1
       5
       0
       1
       0
       1
       2
       2
       5
       3
       2
       0
       4
       1
       1
       0
       2
       2
       0
       4
       3
       2
       5
       2
       1
       0
       3
       2
       2
       1
       4
       2
       1
       1
       0
       0
       1
       0
       0
       2
       2
       2
       3
       1
       4
       3
       2
       3
       1
       2
       1
       2
       2
       1
       1
       2
       1
       2
       2
       2
       1
       1
       3
       1
       0
       3
       3
       2
       1
       0
       2
       1
       0
       1
       1
       1
       1
       0
       3
       1
       1
       3
       1
       0
       3
       1
       2
       1
       1
       0
       2
       4
       0
       3
       3
       3
       1
       0
       1
       2
       2
       4
       1
       2
       4
       5
       5
       1
       1
       0
       2
       0
       1
       2
       3
       0
       1
       1
       2
       2
       0
       3
       2
       4
       2
       4
       0
       3
       4
       0
       3
       1
       5
       0
       2
       0
       2
       1
       2
       3
       1
       3
       2
       0
       1
       2
       3
       3
       1
       0
       2
       2
       1
       0
       1
       2
       2
       1
       2
       3
       0
       1
       1
       2
       2
       1
       2
       3
       1
       0
       2
       1
       4
       3
       4
       2
       3
       5
       3
       3
       4
       4
       3
       0
       1
       1
       3
       0
       1
       3
       1
       2
       2
       0
       2
       3
       3
       1
       4
       1
       2
       2
       2
       2
       3
       1
       3
       2
       1
       1
       1
       3
       3
       1
       0
       0
       1
       2
       2
       3
       5
       1
       0
       1
       3
       1
       5
       4
       5
       1
       0
       4
       6
       4
       4
       5
       4
       3
       3
       0
       3
       1
       5
       7
       4
       7
       6
       4
       6
       3
       5
       3
       3
       3
       1
       1
       4
       4
       4
       5
       2
       8
       2
       6
       2
       3
       1
       5
       2
       3
       7
       0
       1
       4
       8
       4
       5
       3
       3
       3
       6
       4
       5
       3
       1
       1
       4
       4
       6
       3
       2
       5
       4
       1
       3
       5
       6
       5
       4
       8
       3
       4
       5
       6
       3
       3
       6
       7
       5
       8
       5
       2
       2
       2
       5
       5
       5
       6
       1
       6
       6
       5
       5
       2
      10
       4
       3
       3
       5
       1
       2
       4
       3
       4
       3
       2
       0
       4
       3
       2
       4
       0
       4
       2
       1
       3
       3
       3
       3
       2
       1
       1
       0
       4
       3
       0
       1
       0
       0
       0
       2
       0
       1
       2
       0
       3
       1
       0
       2
       1
       0
       1
       0
       2
       2
       1
       1
       1
       2
       0
       1
       1
       1
       2
       0
       0
       0
       1
       1
       0
       1
       1
       2
       2
       1
       0
       2
       2
       3
       0
       1
       0
       0
       1
       0
       1
       2
       1
       0
       0
       0
       0
       0
       1
       0
       1
       0
       1
       1
       0
       3
       0
       0
       1
       0
       2
       0
       2
       0
       0
       2
       0
       2
       0
       0
       0
       0
       1
       1
       1
       1
       1
       0
       2
       2
       1
       3
       2
       0
       1
       1
       1
       0
       0
       1
       0
       1
       1
       0
       1
       0
       0
       1
       1
       1
       1
       0
       2
       0
       1
       0
       1
       1
       0
       0
       2
       0
       0
       0
       2
       0
       0
       0
       0
       2
       1
       1
       1
       2
       0
       0
       1
       1
       2
       1
       3
       1
       0
       2
       1
       0
       1
       2
       1
       1
       2
       1
       0
       0
       1
       0
       0
       4
       0
       0
       1
       0
       0
       1
       1
       0
       1
       1
       1
       1
       0
       1
       0
       2
       2
       2
       2
       1
       2
       3
       0
       0
       1
       1
       0
       0
       1
       0
       0
       0
       0
       1
       0
       0
       0
       0
       0
       0
       1
       1
       0
       3
       1
       2
       0
       1
       0
       2
       0
       0
       1
       2
       0
       1
       1
       0
       1
       0
       0
       0
       0
       1
       0
       0
       1
       0
       0
       1
       0
       1
       0
       0
       1
       1
       0
       0
       1
       0
       0
       0
       0
       1
       0
       1
       1
       2
       0
       0
       0
       0
       0
       0
       1
       1
       1
       0
       1
       0
       1
       2
       0
       1
       0
       1
       1
       0
       1
       0
       1
       1
       2
       0
       2
       0
       1
       0
       0
       2
       1
       1
       1
       1
       1
       0
       1
       2
       0
       1
       2
       0
       1
       2
       0
       0
       1
       3
       3
       0
       2
       1
       0
       2
       1
       1
       0
       1
       1
       1
       0
       0
       0
       2
       1
       0
       2
       1
       0
       0
       0
       3
       1
       2
       3
       2
       0
       2
       1
       1
       0
       0
       1
       0
       1
       0
       0
       1
       1
       1
       0
       0
       1
       0
       0
       0
       0
       0
       1
       0
       0
       0
       0
       1
       0
       0
       0
       1
       1
       0
       0
       0
       0
       0
       0
       0
       0
       1
       0
       3
       1
       1
       0
       0
       0
       1
       1
       0
       0
       1
       1
       0
       0
       0
       0
       1
       0
       0
       0
       0
       1
       1
       0
       0
       1
       2
       0
       2
       0
       1
       0
       0
       1
       0
       0
       1
       0
       1
       0
       1
       0
       0
       1
       1
       1
       1
       2
       1
       1
       1
       0
       4
       0
       2
       3
       2
       1
       2
       2
       2
       3
       2
       0
       4
       1
       1
       0
       2
       1
       0
       2
       2
       3
       1
       2
       1
       0
       0
       1
       2
       0
       1
       0
       0
       1
       0
       0
       0
       1
       1
       1
       1
       1
       0
       0
       0
       0
       0
       0
       0
       0
       0
       0
       0
       0
       0
       0
       0
       0
       1
       3
       0
       0
       0
       0
       0
       0
       0
       0
       1
       1
       0
       0
       0
       2
       1
       1
       0
       0
       1
       1
       1
       0
       0
       1
       1
       2
       1
       2
       0
       1
       0
       1
       0
       1
       0
       0
       0
       2
       2
       0
       0
       0
       1
       3
       1
       1
       0
       1
       2
       0
       0
       1
       0
       2
       0
       1
       1
       1
       1
       2
       2
       2
       1
       0
       1
       1
       3
       2
       4
       8
      14
      12
      13
      11
      14
       8
       3
       7
      14
       5
       4
       2
       8
       6
       3
       3
       7
       1
       4
       2
       2
       1
       3
       0
       2
       1
       0
       1
       2
       1
       0
       1
       0
       0
       0
       0
       1
       0
       0
       0
       0
       0
       0
       0
       0
       0
       0
       0
       0
       0
       0
       0
       0
       0
       0
       0
       0
       0
       0
       0
       0
       0
       0
       0
       0
       0
       0
       0
       0
       0
       0
       0
       0
       0
       0
       0
       0
       0
       0
       0
       0
       0
       0
       0
       0
       0
       0
       0
       0
       0
       0
       0
       0
       0
       0
       0
       0
       0
       0
       0
       0
       0
       0
       0
       0
       0
       0
       0
       0
       0
       0
       0
       0
       0
       0
       0
       0
       0
       0
       0
       0
       0
       0
       0
       0
       0
       0
       0
       0
       0
       0
       0
       0
       0
       0
       0
       0
       0
       0
       0
       0
       0
       0
       0
       0
       0
       0
       0
       0
       0
       0
       0
       0
       0
       0
       0
       0
       0
       0
       0
       0
       0
       0
       0
       0
       0
       0
       0
       0
       0
       0
       0
       0
       0
       0
       0
       0
       0
       0
       0
       0
       0
       0
       0
       0
       0
       0
       0
       0
       0
       0
       0
       0
       0
       0
       0
       0
       0
       0
       0
       0
       0
       0
       0
       0
       0
       0
       0
       0
       0
       0
       0
       0
       0
       0
       0
       0
       0
       0
       0
       0
       0
       0
       0
       0
       0
       0
       0
       0
       0
       0
       0
       0
       0
       0
       0
       0
       0
       0
       0
       0
       0
       0
       0
       0
       0
       0
       0
       0
       0
       0
       0
       0
       0
       0
       0
       0
       0
       0
       0
       0
       0
       0
       0
       0
       0
       0
       0
       0
       0
       0
       0
       0
       0
       0
       0
       0
       0
       0
       0
       0
       0
       0
       0
       0
       0
       0
       0
       0
       0
       0
       0
       0
       0
       0
       0
       0
       0
       0
       0
       0
       0
       0
       0
       0
       0
       0
       0
       0
       0
       0
       0
       0
       0
       0
       0
       0
       0
       0
       0
       0
       0
       0
       0
       0
       0
       0
       0
       0
       0
       0
       0
       0
       0
       0
       0
       0
       0
       0
       0
       0
       0
       0
       0
       0
       0
       0
       0
       0
       0
       0
       0
       0
       0
       0
       0
       0
       0
       0
       0
       0
       0
       0
       0
       0
       0
       0
       0
       0
       0
       0
       0
       0
       0
       0
       0
       0
       0
       0
       0
       0
       0
       0
       0
       0
       0
       0
       0
       0
       0
       0
       0
       0
       0
       0
       0
       0
       0
       0
       0
       0
       0
       0
       0
       0
       0
       0
       0
       0
       0
       0
       0
       0
       0
       0
       0
       0
       0
       0
       0
       0
       0
       0
       0
       0
       0
       0
       0
       0
       0
       0
       0
       0
       0
       0
       0
       0
       0
       0
       0
       0
       0
       0
       0
       0
       0
       0
       0
       0
       0
       0
       0
       0
       0
       0
       0
       0
       0
       0
       0
       0
       0
       0
       0
       0
       0
       0
       0
       0
       0
       0
       0
       0
       0
       0
       0
       0
       0
       0
       0
       0
       0
       0
       0
       0
       0
       0
       0
       0
       0
       0
       0
       0
       0
       0
       0
       0
       0
       0
       0
       0
       0
       0
       0
       0
       0
       0
       0
       0
       0
       0
       0
       0
       0
       0
       0
       0
       0
       0
       0
       0
       0
       0
       0
       0
       0
       0
       0
       0
       0
       0
       0
       0
       0
       0
       0
       0
       0
       0
       0
       0
       0
       0
       0
       0
       0
       0
       0
       0
       0
       0
       0
       0
       0
       0
       0
       0
       0
       0
       0
       0
       0
       0
       0
       0
       0
       0
       0
       0
       0
       0
       0
       0
       0
       0
       0
       0
       0
       0
       0
       0
       0
       0
       0
       0
       0
       0
       0
       0
       0
       0
       0
       0
       0
       0
       0
       0
       0
       0
       0
       0
       0
       0
       0
       0
       0
       0
       0
       0
       0
       0
       0
       0
       0
       0
       0
       0
       0
       0
       0
       0
       0
       0
       0
       0
       0
       0
       0
       0
       0
       0
       0
       0
       0
       0
       0
       0
       0
       0
       0
       0
       0
       0
       0
       0
       0
       0
       0
       0
       0
       0
       0
       0
       0
       0
       0
       0
       0
$ROI:
1
1297 1591
$PRESETS:
Real Time
300
0
$ENER_FIT:
-14.559913 0.471242
$MCA_CAL:
3
-1.455991E+001 4.712425E-001 0.000000E+000 keV
$SHAPE_CAL:
3
1.284168E+002 -2.797580E-002 0.000000E+000
