$SPEC_ID:
Pulser
$SPEC_REM:
DET# 2
DETDESC# NUCLEAR-PC MCB 129 Input 2
AP# Maestro Version 6.08
$DATE_MEA:
02/05/2021 10:14:05
$MEAS_TIM:
282 300
$DATA:
0 4095
       0
       0
       0
       0
       0
       0
       0
       0
       0
       0
       0
       0
       0
       0
       0
       0
       0
       0
       0
       0
       0
       0
       0
       0
       0
       0
       0
       0
       0
       0
       0
       0
       0
       0
       0
       0
       0
       0
       0
       0
       0
       0
       0
       0
       0
       0
       0
      25
     345
     424
     435
     459
     492
     534
     485
     542
     589
     611
     649
     668
     658
     710
     779
     893
     834
     986
     978
    1217
    1311
    1394
    1645
    1785
    1863
    2139
    2353
    2552
    2673
    2709
    2800
    2775
    2767
    2569
    2392
    2301
    2168
    1886
    1652
    1502
    1351
    1122
    1030
     931
     841
     765
     624
     596
     504
     525
     462
     437
     423
     362
     357
     297
     303
     291
     283
     269
     283
     296
     281
     253
     309
     269
     277
     312
     264
     247
     284
     290
     290
     299
     277
     259
     284
     277
     257
     255
     279
     284
     278
     265
     289
     302
     312
     309
     276
     275
     312
     300
     284
     285
     295
     296
     269
     309
     270
     293
     309
     302
     311
     337
     299
     287
     293
     301
     337
     333
     315
     336
     283
     329
     307
     350
     317
     292
     349
     337
     320
     362
     334
     311
     324
     351
     339
     366
     349
     315
     359
     333
     348
     338
     341
     335
     357
     366
     367
     360
     334
     318
     348
     362
     331
     354
     344
     375
     370
     355
     361
     342
     351
     343
     365
     358
     407
     352
     389
     341
     344
     355
     391
     346
     342
     356
     385
     375
     364
     363
     394
     373
     380
     403
     396
     352
     395
     356
     358
     336
     401
     315
     366
     377
     353
     341
     388
     376
     389
     351
     364
     370
     384
     350
     372
     377
     385
     372
     369
     372
     415
     355
     362
     365
     386
     375
     363
     386
     397
     386
     385
     391
     403
     387
     347
     378
     377
     397
     387
     405
     414
     391
     396
     364
     321
     375
     391
     361
     354
     397
     390
     405
     391
     377
     381
     369
     365
     378
     420
     401
     369
     410
     402
     365
     370
     404
     400
     389
     420
     399
     374
     402
     347
     391
     397
     433
     424
     390
     360
     419
     405
     393
     396
     383
     390
     406
     384
     409
     377
     386
     395
     405
     428
     397
     394
     387
     392
     415
     378
     430
     407
     383
     413
     396
     405
     387
     376
     410
     434
     403
     420
     437
     414
     438
     399
     397
     403
     414
     374
     393
     380
     435
     430
     391
     447
     419
     447
     401
     399
     413
     405
     426
     405
     410
     402
     412
     418
     438
     414
     415
     401
     460
     418
     447
     472
     406
     442
     452
     436
     452
     445
     449
     466
     458
     452
     453
     465
     464
     503
     467
     486
     469
     498
     505
     491
     493
     521
     512
     527
     506
     570
     539
     554
     533
     564
     559
     568
     514
     544
     573
     519
     574
     615
     538
     569
     598
     597
     605
     622
     570
     574
     647
     588
     588
     582
     573
     619
     618
     557
     608
     591
     612
     589
     593
     580
     551
     561
     614
     602
     579
     557
     535
     549
     562
     580
     553
     542
     582
     589
     570
     504
     561
     521
     602
     564
     525
     569
     520
     551
     481
     498
     490
     494
     486
     519
     474
     495
     460
     472
     498
     506
     514
     453
     461
     500
     478
     479
     471
     431
     471
     473
     430
     474
     434
     441
     414
     486
     402
     428
     425
     438
     433
     421
     414
     413
     421
     442
     419
     434
     423
     429
     425
     394
     368
     382
     425
     390
     370
     378
     369
     414
     377
     393
     410
     391
     389
     387
     368
     384
     342
     378
     358
     369
     357
     358
     362
     372
     404
     395
     374
     326
     384
     361
     357
     346
     323
     342
     344
     351
     367
     343
     372
     303
     372
     325
     332
     315
     363
     350
     326
     313
     336
     330
     316
     310
     346
     325
     307
     294
     329
     319
     299
     302
     317
     309
     303
     321
     321
     345
     316
     335
     328
     254
     309
     312
     290
     299
     290
     303
     275
     290
     281
     298
     292
     301
     308
     291
     274
     296
     282
     283
     277
     290
     302
     295
     254
     295
     294
     284
     319
     296
     283
     282
     267
     280
     313
     268
     292
     272
     283
     265
     294
     243
     266
     278
     314
     270
     305
     276
     251
     271
     253
     293
     314
     278
     283
     270
     297
     236
     274
     266
     257
     289
     299
     267
     239
     259
     281
     248
     259
     235
     265
     253
     267
     314
     269
     249
     261
     269
     253
     265
     233
     272
     234
     262
     243
     240
     270
     259
     233
     270
     259
     257
     236
     243
     260
     267
     248
     251
     256
     280
     245
     234
     250
     284
     251
     245
     254
     229
     229
     231
     256
     242
     274
     246
     215
     266
     244
     256
     251
     239
     286
     256
     240
     207
     241
     240
     234
     248
     257
     250
     247
     261
     234
     218
     226
     223
     237
     224
     232
     241
     250
     245
     259
     233
     221
     221
     262
     224
     254
     231
     265
     256
     240
     269
     252
     227
     220
     219
     200
     222
     233
     246
     245
     218
     251
     228
     234
     213
     262
     246
     225
     227
     246
     232
     272
     219
     232
     228
     252
     239
     262
     230
     218
     224
     202
     226
     265
     221
     246
     229
     232
     219
     235
     249
     256
     247
     247
     220
     249
     258
     211
     212
     253
     219
     218
     247
     222
     246
     254
     244
     226
     249
     236
     220
     250
     255
     223
     218
     217
     212
     240
     254
     235
     248
     243
     220
     233
     215
     227
     243
     209
     222
     262
     246
     227
     241
     221
     242
     228
     238
     235
     217
     241
     263
     217
     260
     234
     230
     237
     246
     205
     226
     231
     249
     234
     221
     240
     250
     237
     242
     231
     234
     248
     244
     228
     244
     259
     238
     242
     261
     234
     217
     215
     244
     234
     228
     248
     242
     268
     223
     207
     236
     242
     241
     229
     233
     244
     232
     234
     246
     237
     246
     245
     240
     241
     248
     232
     243
     239
     226
     203
     245
     244
     215
     246
     217
     250
     228
     245
     249
     231
     227
     221
     209
     224
     241
     242
     230
     241
     237
     257
     239
     246
     227
     252
     242
     263
     260
     232
     237
     246
     258
     265
     239
     276
     243
     265
     233
     255
     259
     246
     272
     245
     230
     249
     242
     254
     284
     240
     263
     254
     250
     266
     260
     239
     240
     248
     240
     242
     229
     252
     279
     246
     232
     256
     241
     234
     221
     251
     235
     233
     237
     237
     231
     241
     250
     249
     236
     243
     239
     217
     241
     245
     240
     258
     268
     233
     257
     224
     232
     222
     260
     246
     255
     254
     248
     228
     237
     224
     243
     245
     228
     233
     230
     210
     218
     218
     209
     212
     226
     195
     180
     216
     204
     195
     223
     199
     205
     188
     201
     208
     188
     199
     183
     193
     150
     190
     174
     192
     160
     187
     174
     171
     174
     184
     159
     173
     131
     153
     147
     168
     154
     171
     167
     160
     148
     154
     144
     152
     151
     158
     137
     123
     114
     143
     119
     135
     148
     130
     123
     133
     135
     129
     123
     110
     117
     114
     122
     109
     115
     109
      88
     102
     102
     109
     124
      90
     104
     105
     102
     115
      85
     114
      79
     113
     104
      89
      93
      93
      90
      87
      65
      79
      88
      87
      83
      84
      81
      89
      76
      85
      70
      76
      69
      67
      90
      70
      56
      67
      60
      65
      68
      59
      75
      66
      61
      71
      67
      70
      87
      76
      59
      74
      74
      69
      61
      51
      56
      62
      52
      53
      45
      57
      57
      58
      48
      54
      48
      52
      58
      61
      58
      56
      52
      46
      47
      61
      46
      47
      48
      39
      40
      54
      44
      55
      44
      50
      52
      35
      33
      45
      41
      40
      42
      46
      38
      40
      33
      53
      47
      35
      46
      34
      38
      41
      20
      31
      43
      27
      40
      39
      40
      30
      31
      39
      43
      29
      33
      33
      37
      41
      45
      37
      38
      25
      38
      28
      28
      31
      35
      31
      44
      29
      24
      30
      30
      27
      27
      38
      30
      20
      44
      31
      30
      32
      22
      31
      24
      24
      24
      24
      26
      24
      31
      22
      19
      33
      22
      22
      28
      31
      21
      29
      25
      21
      23
      17
      26
      19
      30
      25
      18
      22
      26
      29
      26
      34
      24
      19
      28
      23
      25
      22
      20
      18
      24
      16
      16
      19
      25
      34
      16
      28
      14
      21
      20
      24
      21
      21
      28
      15
      18
      10
      28
      24
      28
      31
      24
      22
      21
      22
      20
      13
      23
      25
      14
      21
      22
      24
      21
      27
      20
      29
      17
      25
      30
      29
      23
      30
      31
      17
      28
      28
      29
      26
      21
      20
      26
      26
      30
      27
      28
      32
      20
      24
      29
      25
      32
      26
      25
      28
      23
      28
      30
      31
      35
      33
      40
      31
      34
      41
      22
      49
      31
      39
      42
      51
      36
      38
      45
      38
      53
      48
      40
      35
      44
      56
      71
      48
      52
      69
      78
      62
      80
      68
      75
      89
      62
      80
      78
      73
      86
      87
      85
     105
     108
     109
     106
     107
     116
      91
     122
     140
     141
     123
     138
     169
     164
     154
     167
     165
     202
     202
     195
     232
     186
     231
     222
     218
     236
     268
     274
     274
     289
     254
     288
     283
     313
     272
     324
     338
     328
     325
     337
     380
     371
     420
     413
     377
     403
     432
     421
     473
     446
     464
     510
     506
     528
     522
     506
     566
     550
     558
     615
     645
     624
     661
     681
     707
     695
     646
     774
     723
     756
     799
     735
     788
     772
     861
     880
     859
     868
     913
     917
     952
     951
     935
     972
    1014
    1023
    1061
     989
    1007
    1049
    1028
    1072
    1045
    1098
    1179
    1058
    1133
    1218
    1175
    1214
    1253
    1175
    1217
    1254
    1253
    1310
    1284
    1359
    1301
    1352
    1382
    1342
    1328
    1243
    1369
    1354
    1278
    1346
    1415
    1421
    1342
    1425
    1381
    1448
    1476
    1412
    1428
    1379
    1372
    1370
    1417
    1435
    1383
    1393
    1430
    1384
    1326
    1406
    1427
    1382
    1316
    1287
    1438
    1318
    1308
    1347
    1294
    1280
    1306
    1320
    1321
    1250
    1278
    1263
    1202
    1206
    1174
    1268
    1255
    1172
    1132
    1120
    1075
    1098
    1109
    1078
    1125
    1072
    1070
     977
     939
     964
     938
     976
     941
     793
     917
     832
     809
     824
     847
     782
     799
     751
     727
     713
     684
     665
     637
     636
     612
     677
     607
     592
     605
     563
     585
     541
     516
     487
     491
     490
     456
     417
     455
     435
     426
     385
     347
     387
     356
     335
     327
     308
     346
     316
     315
     303
     280
     256
     256
     250
     244
     223
     223
     206
     199
     208
     160
     200
     175
     150
     136
     157
     137
     148
     115
     147
     123
     118
     106
     114
     116
     102
      77
      89
      68
      60
      89
      61
      62
      70
      67
      62
      54
      64
      58
      60
      49
      45
      39
      56
      49
      48
      42
      44
      37
      19
      28
      25
      36
      24
      21
      21
      18
      20
      20
      27
      30
      18
      14
      21
      18
      15
      10
      17
      12
      11
      14
       9
      10
      11
       7
      17
      13
       9
       8
       7
       5
      15
      10
       9
       6
       8
       8
       7
      12
      10
       7
      10
       7
      13
       5
       7
       8
       7
       5
       6
       5
       9
       3
       4
       6
      10
       7
       2
       9
       5
       1
       6
      12
       8
       7
       6
       4
       5
       4
       8
       9
       7
       4
       4
       5
       5
      11
       2
       5
       5
       4
       4
       6
       6
       5
       6
       7
       5
      15
       5
       4
       4
       9
       7
       5
      10
       4
       6
       9
       4
       5
       6
      10
       5
       6
       6
       9
       7
       6
       5
      11
       8
       3
      10
      11
       5
       3
      10
       3
       3
       4
       6
       7
       5
       5
       4
       2
       6
       7
       5
       9
       3
       6
       6
       3
       5
       5
       5
       2
      10
       5
       6
       8
       4
       8
       6
       4
       4
       2
       7
       9
       5
       6
       4
       5
       5
       4
       8
       4
       5
       1
       2
       7
       7
       0
       3
       3
       5
       6
      10
       7
       3
       7
       2
       6
       8
       5
       4
       6
       2
       5
       9
       6
       6
       4
       3
       3
       7
       4
       5
       8
       7
       7
       4
       2
       4
       7
       4
       5
       1
       6
       6
       9
       4
       2
       7
       7
       2
       4
       5
       6
       3
       7
       6
       7
       4
       2
       5
       3
       3
       6
       9
       3
       7
      10
       9
       4
       4
       4
       3
       4
       4
       5
       3
       7
       6
       2
       1
       9
       4
       4
       3
       6
       4
       5
       8
       4
       4
       2
       3
       5
       4
       6
       3
       6
       4
       5
       5
       6
       4
       7
       4
       3
       5
       7
       3
       2
       1
       3
       9
       5
       6
       2
       5
       2
       4
       4
       5
       8
       8
       5
       3
       2
       3
       3
       1
       2
       6
       5
       4
       5
       4
       2
       3
       5
       9
       4
       5
       5
       7
       5
       4
       4
       7
       3
       1
       3
       4
       4
       2
       5
       3
       4
       5
       4
       5
       3
       6
       3
       1
       2
       6
       4
       2
       4
       3
       5
       2
       6
       5
       5
       3
       1
       3
       8
       5
       6
       7
       4
       3
      10
       2
       3
       4
       3
       5
       4
       5
       4
       3
       0
       4
       5
       7
       3
       8
       2
       3
       5
       3
       3
       2
       5
       4
       2
       8
       5
       5
       6
       3
       5
       2
       3
       6
       4
       5
       7
       5
       4
       7
       1
       4
       3
       2
       3
       4
       7
       2
       4
       1
       7
       6
       2
       6
       2
       3
       3
       4
       7
       4
       4
       4
       1
       3
       4
       1
       2
       2
       4
       4
       4
       4
       6
       4
       3
       2
       5
       3
       5
       2
       3
       3
      10
       3
       4
       2
       5
       3
       4
       6
       1
       2
       4
       7
       4
       7
       6
       5
       5
       3
       5
       6
       5
       2
       2
       1
       2
       2
       3
       5
       2
       7
       4
       8
       3
       3
       2
       2
       5
       4
       7
       4
       7
       5
       4
       1
       2
       1
       5
       0
       3
       2
       2
       2
       2
       5
       4
       7
       7
       4
       4
       3
       3
       4
       5
       5
       2
       4
       3
       1
       2
       3
       5
       2
       4
       6
       5
       3
       4
       2
       0
       3
       2
       4
       0
       4
       3
       2
       8
       0
       7
       5
       1
       7
       2
       1
       2
       3
       5
       4
       4
       1
       1
       1
       4
       6
       1
       1
       3
       3
       5
       2
       1
       2
       4
       5
       2
       5
       2
       5
       2
       5
       3
       3
       0
       1
       6
       8
       1
       5
       0
       2
       3
       6
       3
       3
       0
       4
       3
       2
       5
       1
       1
       2
       1
       3
       6
       6
       4
       0
       0
       3
       5
       3
       5
       4
       3
       2
       4
       1
       3
       2
       7
       5
       1
       3
       5
       5
       6
       4
       5
       4
       1
       4
       0
       0
       2
       5
       1
       2
       1
       3
       1
       2
       8
       4
       5
       3
       4
       2
       6
       2
       1
       4
       1
       4
       0
       2
       5
       1
       3
       4
       3
       1
       1
       1
       4
       1
       5
       1
       2
       1
       2
       0
       2
       3
       4
       5
       2
       2
       0
       2
       5
       1
       0
       3
       3
       1
       1
       2
       3
       2
       1
       2
       1
       3
       1
       4
       2
       3
       4
       4
       5
       1
       3
       3
       2
       0
       2
       2
       2
       3
       2
       3
       3
       0
       1
       3
       2
       2
       3
       4
       4
       2
       5
       0
       1
       2
       2
       3
       5
       4
       0
       1
       0
       5
       5
       3
       2
       1
       3
       3
       2
       1
       4
       3
       2
       2
       3
       2
       1
       1
       1
       1
       0
       3
       1
       1
       3
       1
       3
       3
       3
       1
       3
       1
       2
       3
       3
       5
       3
       2
       2
       1
       2
       1
       2
       1
       6
       1
       2
       0
       5
       4
       2
       1
       4
       2
       2
       1
       1
       1
       5
       4
       0
       1
       1
       1
       1
       3
       2
       2
       4
       1
       2
       0
       3
       2
       2
       0
       3
       2
       2
       0
       1
       0
       2
       2
       2
       6
       1
       4
       3
       3
       2
       3
       1
       2
       0
       2
       1
       3
       0
       0
       3
       4
       1
       2
       2
       3
       0
       0
       5
       3
       2
       2
       0
       3
       1
       0
       2
       1
       4
       2
       1
       0
       0
       3
       0
       2
       2
       2
       1
       2
       3
       6
       2
       2
       3
       1
       3
       0
       1
       0
       2
       5
       5
       3
       4
       3
       1
       5
       0
       1
       0
       3
       4
       1
       2
       3
       0
       1
       1
       4
       2
       1
       0
       1
       0
       3
       2
       2
       2
       5
       1
       3
       2
       2
       0
       2
       2
       6
       3
       0
       3
       3
       3
       1
       2
       2
       3
       2
       0
       1
       0
       0
       2
       2
       2
       2
       0
       0
       3
       2
       3
       1
       2
       4
       1
       1
       2
       1
       1
       2
       1
       4
       1
       3
       1
       1
       2
       0
       0
       1
       0
       2
       4
       1
       0
       3
       3
       2
       1
       3
       4
       2
       2
       0
       2
       1
       1
       2
       2
       7
       2
       4
       2
       3
       1
       1
       1
       1
       1
       3
       3
       0
       1
       1
       0
       1
       2
       1
       2
       3
       3
       7
       1
       5
       2
       0
       1
       0
       1
       4
       5
       1
       0
       1
       4
       3
       2
       1
       4
       1
       0
       4
       2
       2
       1
       1
       3
       2
       1
       1
       3
       3
       5
       1
       1
       4
       1
       2
       3
       2
       0
       2
       2
       3
       2
       2
       3
       0
       0
       2
       3
       2
       6
       6
       0
       1
       4
       7
       4
       3
       0
       1
       0
       3
       1
       2
       2
       3
       0
       2
       0
       1
       7
       4
       7
       2
       3
       2
       4
       2
       1
       3
       3
       5
       3
       4
       1
       3
       1
       2
       2
       0
       2
       2
       3
       2
       0
       3
       3
       3
       0
       0
       4
       2
       2
       5
       2
       4
       2
       3
       3
       3
       3
       3
       2
       2
       4
       2
       1
       3
       2
       2
       3
       2
       4
       0
       2
       3
       0
       2
       2
       6
       5
       3
       3
       2
       2
       1
       3
       4
       2
       2
       6
       1
       1
       0
       1
       1
       0
       3
       8
       2
       1
       1
       2
       2
       3
       2
       1
       3
       2
       1
       2
       4
       2
       1
       4
       2
       4
       1
       2
       1
       5
       1
       2
       0
       1
       1
       2
       0
       2
       2
       2
       2
       1
       3
       4
       0
       1
       3
       2
       3
       5
       3
       2
       3
       0
       3
       3
       2
       2
       2
       1
       3
       4
       4
       3
       4
       3
       4
       6
       1
       5
       1
       1
       4
       2
       1
       4
       3
       2
       5
       5
       2
       1
       3
       5
       2
       4
       4
       5
       5
       5
       2
       2
       8
       4
       1
       6
       0
       3
       8
       2
       3
       6
       9
       8
       3
       2
       4
       9
       2
       4
       8
       7
       5
       7
       7
      10
       8
       8
       9
       5
       3
       8
       3
      12
       6
       4
       2
       5
       6
       5
       7
       6
       6
       6
       9
       3
       6
       9
       3
       9
       7
       4
       7
       8
       4
       7
       9
       9
       3
       7
       3
       7
       9
       5
       4
       6
       5
       2
       4
      12
       4
       4
       1
       6
       5
       4
       4
       4
       7
       6
       8
       5
       2
       8
       1
       4
       6
       3
      10
       9
       4
       4
       6
       8
       5
       3
       1
       3
      10
       7
       5
       5
       4
       3
       3
       3
       3
       2
       2
       4
       3
       6
       1
       2
       1
       1
       0
       0
       2
       5
       1
       4
       1
       1
       2
       1
       0
       1
       2
       0
       0
       4
       2
       2
       0
       1
       1
       1
       3
       2
       2
       2
       2
       1
       0
       0
       4
       1
       2
       0
       1
       2
       0
       3
       2
       0
       1
       0
       2
       3
       0
       2
       1
       0
       1
       0
       1
       0
       0
       0
       0
       3
       2
       0
       0
       2
       1
       1
       2
       0
       1
       2
       1
       1
       3
       0
       1
       1
       0
       1
       1
       1
       1
       1
       1
       1
       0
       2
       0
       0
       2
       0
       1
       0
       1
       1
       0
       1
       1
       3
       1
       0
       0
       1
       1
       0
       1
       3
       0
       2
       1
       0
       0
       0
       1
       1
       1
       0
       1
       1
       0
       0
       4
       0
       0
       1
       0
       0
       1
       4
       1
       2
       0
       0
       1
       1
       1
       2
       3
       3
       1
       0
       2
       1
       1
       1
       1
       1
       1
       1
       0
       0
       3
       0
       1
       2
       0
       1
       1
       3
       1
       1
       0
       1
       0
       1
       0
       1
       0
       1
       0
       1
       1
       0
       0
       0
       0
       0
       1
       1
       1
       2
       1
       3
       1
       0
       1
       0
       0
       0
       1
       0
       0
       0
       1
       0
       0
       3
       0
       0
       0
       0
       0
       0
       3
       0
       0
       1
       0
       0
       0
       1
       0
       1
       1
       0
       0
       0
       0
       0
       1
       2
       0
       0
       2
       0
       1
       1
       0
       0
       0
       0
       0
       1
       1
       1
       1
       0
       0
       0
       2
       1
       1
       2
       1
       0
       0
       1
       0
       2
       1
       2
       0
       0
       1
       0
       1
       0
       2
       0
       0
       2
       0
       1
       1
       1
       0
       1
       0
       0
       0
       0
       0
       0
       0
       1
       1
       1
       0
       4
       0
       0
       1
       0
       0
       0
       1
       2
       0
       1
       2
       0
       0
       2
       0
       1
       1
       1
       2
       2
       0
       1
       0
       2
       2
       0
       0
       3
       0
       1
       1
       2
       1
       1
       1
       0
       0
       2
       1
       1
       2
       2
       0
       4
       1
       0
       0
       0
       1
       1
       3
       2
       0
       0
       2
       1
       1
       1
       0
       2
       0
       2
       0
       1
       1
       0
       0
       0
       2
       0
       1
       2
       0
       2
       0
       1
       0
       1
       2
       1
       0
       2
       3
       0
       2
       1
       0
       0
       2
       2
       0
       0
       0
       1
       1
       0
       0
       0
       3
       2
       0
       0
       0
       0
       0
       0
       0
       0
       1
       3
       1
       0
       0
       3
       0
       1
       0
       0
       2
       0
       0
       0
       0
       2
       1
       0
       0
       1
       0
       1
       1
       1
       1
       3
       0
       2
       1
       3
       0
       2
       1
       1
       5
       2
       5
       1
       3
       2
       5
       1
       1
       2
       2
       1
       3
       1
       3
       1
       0
       2
       2
       0
       1
       0
       1
       0
       1
       2
       0
       0
       0
       0
       1
       0
       0
       0
       0
       0
       0
       0
       0
       1
       0
       0
       0
       1
       0
       1
       0
       0
       0
       0
       0
       1
       0
       0
       0
       1
       0
       0
       0
       3
       0
       0
       0
       0
       0
       2
       0
       1
       0
       1
       0
       1
       0
       1
       1
       1
       0
       0
       0
       2
       1
       1
       1
       0
       0
       2
       1
       2
       1
       1
       0
       0
       0
       0
       0
       0
       2
       0
       1
       2
       1
       0
       3
       1
       0
       0
       0
       2
       3
       1
       0
       2
       5
       8
       7
       8
      10
       8
       5
       7
      12
       8
       9
       4
       7
       5
      11
      10
       5
       5
       4
       9
       6
       3
       3
       3
       3
       4
       7
       5
       3
       3
       6
       4
       4
       0
       0
       2
       1
       0
       0
       0
       0
       0
       0
       0
       0
       0
       0
       0
       0
       0
       0
       0
       0
       0
       0
       0
       0
       0
       1
       0
       0
       0
       0
       0
       0
       0
       0
       0
       0
       0
       0
       0
       0
       0
       0
       0
       0
       0
       0
       0
       0
       0
       0
       0
       0
       0
       0
       0
       0
       0
       0
       0
       0
       0
       0
       0
       0
       0
       0
       0
       0
       0
       0
       0
       0
       0
       0
       0
       0
       0
       0
       0
       0
       0
       0
       0
       0
       0
       0
       0
       0
       0
       0
       0
       0
       0
       0
       0
       0
       0
       0
       0
       0
       0
       0
       0
       0
       0
       0
       0
       0
       0
       0
       0
       0
       0
       0
       0
       0
       0
       0
       0
       0
       0
       0
       0
       0
       0
       0
       0
       0
       0
       0
       0
       0
       0
       0
       0
       0
       0
       0
       0
       0
       0
       0
       0
       0
       0
       0
       0
       0
       0
       0
       0
       0
       0
       0
       0
       0
       0
       0
       0
       0
       0
       0
       0
       0
       0
       0
       0
       0
       0
       0
       0
       0
       0
       0
       0
       0
       0
       0
       0
       0
       0
       0
       0
       0
       0
       0
       0
       0
       0
       0
       0
       0
       0
       0
       0
       0
       0
       0
       0
       0
       0
       0
       0
       0
       0
       0
       0
       0
       0
       0
       0
       0
       0
       0
       0
       0
       0
       0
       0
       0
       0
       0
       0
       0
       0
       0
       0
       0
       0
       0
       0
       0
       0
       0
       0
       0
       0
       0
       0
       0
       0
       0
       0
       0
       0
       0
       0
       0
       0
       0
       0
       0
       0
       0
       0
       0
       0
       0
       0
       0
       0
       0
       0
       0
       0
       0
       0
       0
       0
       0
       0
       0
       0
       0
       0
       0
       0
       0
       0
       0
       0
       0
       0
       0
       0
       0
       0
       0
       0
       0
       0
       0
       0
       0
       0
       0
       0
       0
       0
       0
       0
       0
       0
       0
       0
       0
       0
       0
       0
       0
       0
       0
       0
       0
       0
       0
       0
       0
       0
       0
       0
       0
       0
       0
       0
       0
       0
       0
       0
       0
       0
       0
       0
       0
       0
       0
       0
       0
       0
       0
       0
       0
       0
       0
       0
       0
       0
       0
       0
       0
       0
       0
       0
       0
       0
       0
       0
       0
       0
       0
       0
       0
       0
       0
       0
       0
       0
       0
       0
       0
       0
       0
       0
       0
       0
       0
       0
       0
       0
       0
       0
       0
       0
       0
       0
       0
       0
       0
       0
       0
       0
       0
       0
       0
       0
       0
       0
       0
       0
       0
       0
       0
       0
       0
       0
       0
       0
       0
       0
       0
       0
       0
       0
       0
       0
       0
       0
       0
       0
       0
       0
       0
       0
       0
       0
       0
       0
       0
       0
       0
       0
       0
       0
       0
       0
       0
       0
       0
       0
       0
       0
       0
       0
       0
       0
       0
       0
       0
       0
       0
       0
       0
       0
       0
       0
       0
       0
       0
       0
       0
       0
       0
       0
       0
       0
       0
       0
       0
       0
       0
       0
       0
       0
       0
       0
       0
       0
       0
       0
       0
       0
       0
       0
       0
       0
       0
       0
       0
       0
       0
       0
       0
       0
       0
       0
       0
       0
       0
       0
       0
       0
       0
       0
       0
       0
       0
       0
       0
       0
       0
       0
       0
       0
       0
       0
       0
       0
       0
       0
       0
       0
       0
       0
       0
       0
       0
       0
       0
       0
       0
       0
       0
       0
       0
       0
       0
       0
       0
       0
       0
       0
       0
       0
       0
       0
       0
       0
       0
       0
       0
       0
       0
       0
       0
       0
       0
       0
       0
       0
       0
       0
       0
       0
       0
       0
       0
       0
       0
       0
       0
       0
       0
       0
       0
       0
       0
       0
       0
       0
       0
       0
       0
       0
       0
       0
       0
       0
       0
       0
       0
       0
       0
       0
       0
       0
       0
       0
       0
       0
       0
       0
       0
       0
       0
       0
       0
       0
       0
       0
       0
       0
       0
       0
       0
       0
       0
       0
       0
       0
       0
       0
       0
       0
       0
       0
       0
       0
       0
       0
       0
       0
$ROI:
0
$PRESETS:
Real Time
300
0
$ENER_FIT:
-19.480125 0.478065
$MCA_CAL:
3
-1.948013E+001 4.780652E-001 0.000000E+000 keV
$SHAPE_CAL:
3
1.273809E+002 -2.640760E-002 0.000000E+000
