$SPEC_ID:
Pulser
$SPEC_REM:
DET# 2
DETDESC# NUCLEAR-PC MCB 129 Input 2
AP# Maestro Version 6.08
$DATE_MEA:
02/05/2021 11:40:15
$MEAS_TIM:
286 300
$DATA:
0 4095
       0
       0
       0
       0
       0
       0
       0
       0
       0
       0
       0
       0
       0
       0
       0
       0
       0
       0
       0
       0
       0
       0
       0
       0
       0
       0
       0
       0
       0
       0
       0
       0
       0
       0
       0
       0
       0
       0
       0
       0
       0
       0
       0
       0
       0
       0
       0
      26
     270
     244
     278
     290
     310
     302
     316
     359
     367
     392
     375
     411
     430
     446
     518
     510
     586
     653
     681
     811
     882
    1023
    1087
    1274
    1527
    1536
    1734
    1910
    1951
    2112
    2174
    2137
    1983
    1922
    1924
    1725
    1570
    1488
    1367
    1179
    1051
     925
     799
     724
     655
     545
     508
     460
     397
     388
     361
     301
     303
     277
     256
     248
     230
     212
     210
     235
     215
     212
     221
     194
     215
     223
     199
     226
     211
     192
     213
     196
     200
     211
     224
     230
     214
     198
     209
     188
     240
     213
     221
     196
     224
     203
     231
     222
     218
     222
     203
     227
     233
     231
     220
     213
     232
     237
     238
     231
     258
     256
     268
     265
     222
     241
     250
     253
     226
     247
     250
     226
     232
     225
     270
     253
     282
     251
     256
     257
     254
     246
     242
     238
     277
     278
     278
     273
     276
     262
     257
     281
     295
     268
     271
     301
     282
     276
     243
     292
     300
     279
     300
     283
     277
     273
     306
     291
     274
     319
     309
     258
     307
     304
     277
     287
     292
     256
     265
     283
     331
     313
     342
     290
     276
     315
     313
     297
     314
     318
     316
     299
     295
     325
     328
     311
     293
     279
     303
     356
     306
     304
     330
     316
     312
     297
     279
     312
     328
     345
     272
     292
     302
     312
     307
     313
     302
     291
     309
     328
     298
     321
     320
     325
     329
     314
     297
     291
     293
     327
     317
     284
     353
     300
     326
     310
     310
     324
     310
     324
     288
     299
     337
     302
     329
     312
     332
     327
     336
     332
     312
     343
     282
     332
     332
     291
     332
     339
     288
     309
     320
     345
     342
     340
     295
     314
     300
     305
     318
     366
     324
     327
     328
     349
     342
     317
     346
     306
     348
     288
     352
     328
     356
     321
     357
     324
     323
     318
     340
     324
     313
     368
     299
     346
     340
     349
     324
     360
     376
     329
     305
     361
     317
     351
     346
     346
     335
     335
     303
     338
     341
     321
     341
     337
     341
     311
     344
     348
     333
     322
     347
     322
     329
     329
     341
     352
     345
     341
     323
     377
     320
     335
     335
     317
     327
     330
     321
     319
     370
     358
     309
     358
     358
     310
     342
     365
     363
     335
     381
     395
     353
     379
     377
     381
     358
     375
     361
     350
     382
     383
     370
     362
     384
     378
     399
     414
     432
     416
     417
     435
     416
     434
     384
     432
     373
     416
     421
     478
     422
     491
     448
     490
     451
     442
     470
     432
     467
     472
     496
     481
     464
     489
     477
     487
     476
     453
     445
     476
     475
     474
     486
     508
     473
     456
     492
     511
     447
     450
     482
     466
     462
     422
     489
     467
     483
     456
     462
     482
     456
     447
     457
     438
     417
     470
     471
     426
     420
     453
     453
     432
     439
     424
     391
     410
     423
     429
     441
     440
     387
     435
     409
     429
     378
     416
     405
     361
     369
     380
     351
     421
     402
     385
     405
     386
     331
     412
     405
     398
     409
     387
     358
     378
     387
     359
     396
     345
     344
     342
     365
     358
     371
     374
     331
     328
     341
     336
     334
     314
     377
     337
     366
     357
     306
     316
     341
     348
     316
     316
     353
     336
     310
     330
     298
     292
     326
     284
     363
     286
     349
     310
     306
     299
     300
     311
     301
     292
     281
     290
     273
     289
     313
     282
     289
     259
     276
     288
     279
     283
     282
     254
     272
     273
     272
     243
     257
     261
     295
     270
     291
     266
     249
     242
     254
     242
     235
     226
     252
     264
     223
     248
     219
     257
     255
     201
     238
     244
     219
     266
     237
     242
     224
     250
     261
     244
     221
     232
     239
     241
     225
     241
     215
     232
     229
     232
     230
     226
     224
     232
     234
     214
     222
     211
     227
     209
     225
     231
     212
     212
     264
     212
     224
     210
     209
     252
     222
     227
     210
     217
     214
     236
     195
     199
     209
     216
     186
     209
     223
     198
     245
     224
     207
     215
     192
     225
     222
     220
     187
     210
     211
     192
     200
     207
     216
     213
     198
     182
     206
     193
     195
     196
     197
     223
     190
     184
     207
     213
     201
     228
     215
     197
     193
     223
     189
     205
     190
     186
     234
     194
     190
     192
     196
     194
     201
     193
     210
     172
     203
     209
     180
     186
     216
     197
     189
     181
     188
     161
     166
     186
     192
     173
     197
     179
     170
     192
     158
     199
     198
     187
     185
     163
     218
     194
     179
     189
     186
     183
     158
     158
     175
     182
     183
     172
     186
     192
     188
     198
     196
     178
     172
     186
     186
     180
     193
     177
     167
     159
     205
     190
     196
     171
     190
     162
     180
     193
     180
     165
     214
     182
     185
     165
     183
     179
     191
     203
     190
     174
     171
     169
     194
     178
     181
     160
     167
     197
     168
     187
     173
     169
     183
     178
     174
     195
     171
     164
     172
     175
     196
     193
     196
     154
     186
     184
     189
     180
     173
     180
     206
     158
     159
     174
     180
     199
     170
     149
     163
     201
     178
     199
     166
     175
     189
     172
     174
     168
     165
     201
     160
     166
     193
     166
     141
     153
     173
     149
     177
     169
     184
     173
     142
     176
     183
     162
     180
     173
     181
     171
     185
     171
     178
     170
     151
     174
     152
     175
     164
     173
     183
     185
     195
     167
     195
     185
     185
     168
     185
     164
     182
     190
     175
     167
     188
     174
     179
     180
     168
     178
     167
     177
     173
     173
     200
     167
     183
     162
     190
     181
     162
     172
     188
     180
     190
     164
     213
     190
     193
     164
     190
     175
     176
     197
     189
     178
     170
     169
     180
     211
     188
     189
     187
     187
     205
     206
     175
     183
     199
     164
     183
     169
     178
     163
     174
     173
     175
     205
     189
     201
     196
     196
     174
     188
     176
     156
     178
     169
     182
     193
     200
     179
     172
     206
     204
     216
     191
     192
     197
     181
     192
     201
     186
     187
     189
     200
     188
     175
     181
     174
     193
     178
     178
     183
     192
     195
     189
     175
     168
     184
     176
     191
     180
     157
     165
     177
     186
     210
     176
     197
     179
     201
     190
     180
     179
     158
     196
     204
     170
     184
     188
     176
     176
     194
     191
     201
     171
     172
     166
     176
     168
     180
     159
     188
     173
     185
     166
     163
     162
     152
     160
     162
     160
     145
     172
     168
     177
     141
     158
     167
     165
     129
     135
     166
     149
     172
     139
     128
     145
     140
     135
     140
     136
     130
     151
     146
     138
     129
     120
     129
     126
     118
     125
     119
     104
     121
     118
     107
     109
      99
     119
      96
     111
      93
     112
     103
     106
      95
      85
     105
     111
     114
     115
      97
     105
      88
      78
     104
      88
      74
      89
      91
      78
      86
      74
      87
      84
      82
      75
      81
      74
      80
      83
      85
      62
      72
      73
      68
      66
      91
      70
      79
      64
      54
      67
      78
      58
      68
      63
      61
      46
      54
      57
      64
      59
      48
      59
      45
      58
      57
      62
      66
      60
      66
      52
      48
      47
      58
      53
      45
      53
      46
      48
      52
      45
      35
      51
      42
      34
      51
      33
      46
      45
      47
      47
      39
      41
      39
      36
      43
      38
      33
      33
      49
      36
      47
      43
      29
      41
      39
      48
      36
      43
      26
      42
      30
      37
      28
      35
      48
      39
      50
      29
      39
      34
      29
      33
      32
      34
      23
      26
      44
      25
      32
      30
      35
      33
      20
      39
      29
      21
      33
      33
      22
      32
      32
      25
      25
      28
      32
      33
      26
      23
      28
      22
      24
      30
      22
      17
      26
      26
      31
      26
      29
      22
      27
      23
      27
      24
      22
      23
      28
      20
      19
      24
      31
      25
      20
      20
      20
      13
      20
      16
      18
      15
      27
      19
      17
      27
      25
      22
      14
      19
      20
      19
      28
      26
      22
      25
      18
      24
      20
      23
      24
      19
      22
      23
      22
      16
      19
      15
      25
      22
      19
      36
      21
      16
      14
      14
      24
      13
      23
      11
      21
      20
      16
      20
      22
      14
      24
      11
      24
      14
      21
      17
      16
      16
      24
      23
      19
      17
      22
      19
      20
      17
      18
      20
      22
      19
      13
      16
      20
      17
      17
      18
      20
      17
      17
      22
      22
      17
      16
      19
      14
      21
      20
      15
      13
      21
      29
      23
      20
      25
      24
      24
      21
      22
      24
      15
      25
      28
      24
      23
      17
      16
      24
      14
      19
      25
      26
      26
      27
      17
      25
      35
      26
      22
      32
      27
      27
      36
      32
      31
      24
      35
      34
      43
      38
      40
      38
      41
      36
      34
      50
      49
      61
      41
      69
      49
      59
      46
      71
      54
      68
      69
      75
      76
      65
      94
      77
      94
      73
      84
      98
      90
      84
     102
     120
      86
      98
     124
     122
     129
     136
     157
     145
     166
     155
     158
     138
     183
     153
     174
     186
     202
     203
     208
     228
     209
     203
     195
     231
     232
     254
     251
     250
     288
     276
     292
     313
     308
     269
     296
     310
     370
     382
     351
     354
     346
     370
     402
     377
     397
     405
     432
     431
     443
     486
     464
     488
     472
     500
     522
     522
     591
     558
     544
     633
     602
     540
     616
     624
     640
     619
     626
     711
     749
     672
     727
     684
     768
     757
     718
     768
     832
     824
     717
     810
     821
     804
     859
     868
     960
     894
     939
     907
     918
     926
     948
     937
     898
     976
     960
     984
    1000
     984
     969
     998
     986
     967
    1073
     979
    1015
    1047
    1024
    1019
     976
    1050
    1039
    1059
    1008
    1039
    1047
    1060
    1027
    1066
    1036
    1002
    1123
    1029
    1016
    1022
    1041
    1019
    1055
    1003
    1021
    1014
    1029
     976
     991
     959
     956
     966
     992
     880
     967
     875
     895
     919
     884
     955
     879
     851
     892
     883
     860
     826
     856
     828
     775
     813
     723
     754
     774
     722
     732
     690
     679
     649
     695
     665
     669
     632
     651
     562
     564
     598
     547
     531
     545
     514
     507
     484
     522
     486
     492
     437
     484
     455
     420
     379
     420
     431
     345
     358
     332
     381
     343
     335
     284
     296
     296
     262
     286
     281
     254
     258
     251
     233
     241
     218
     214
     214
     182
     193
     184
     143
     158
     165
     145
     144
     141
     131
     114
     140
     104
     123
     105
      94
     100
     119
     103
      78
      93
      79
      84
      83
      77
      65
      70
      58
      61
      57
      63
      45
      44
      48
      45
      37
      33
      34
      33
      33
      24
      25
      32
      26
      34
      20
      29
      15
      20
      28
      32
      25
      17
      19
      14
      15
      18
      15
      25
      16
      10
      15
      10
      13
      13
       8
      15
       9
       9
      15
       6
      10
      14
       8
       7
       9
       9
      10
       6
       6
      11
       5
       6
       6
       9
       1
       6
       3
      10
       7
       5
       6
       8
       6
       3
       3
       6
       4
       7
       4
       8
       4
       4
       4
       3
       6
       2
       5
       5
       4
       6
       7
       6
       5
       8
       5
       4
       3
       3
       4
       6
       4
       2
       4
       7
       1
       7
       5
       1
       8
       4
       5
       0
       7
       4
       1
       7
       3
       5
       4
       6
       2
       1
       3
       6
       7
       5
       4
       6
       3
       3
       1
       5
       4
       4
       9
       3
       3
       5
       6
       2
       4
       5
       2
       4
       2
       6
       6
       4
       0
       3
       4
       5
       6
       3
       3
       4
       4
       6
       6
       4
       8
       2
       6
       4
       3
       5
       6
       1
       3
       3
       1
       5
       4
       4
       7
       6
       4
       3
       2
       4
       6
       1
       0
       2
       3
       0
       5
       6
       4
       3
       4
       6
       4
       7
       3
       3
       4
       1
       2
       3
       4
       1
       2
       4
       4
       3
       4
       3
       3
       4
       6
       6
       4
       6
       5
       6
       4
       5
       6
       2
       1
       4
       3
       3
       0
       2
       2
       4
       2
       5
       7
       2
       4
       5
       5
       3
       2
       3
       3
       4
       1
       5
       3
       3
       3
       3
       3
       4
       3
       1
       2
       4
       1
       1
       3
       2
       4
       7
       3
       7
       5
       6
       3
       3
       6
       2
       4
       3
       3
       2
       3
       5
       1
       1
       1
       2
       5
       3
       3
       3
       1
       1
       1
       4
       1
       5
       1
       2
       3
       2
       1
       2
       3
       7
       2
       7
       1
       3
       0
       4
       2
       3
       0
       1
       0
       2
       0
       4
       4
       3
       2
       2
       0
       2
       8
       1
       3
       3
       0
       3
       4
       4
       1
       5
       6
       1
       4
       3
       2
       0
       4
       7
       2
       2
       1
       2
       2
       0
       4
       4
       3
       1
       2
       1
       2
       7
       2
       3
       1
       3
       2
       1
       5
       6
       4
      10
       4
       2
       3
       4
       4
       3
       5
       8
       3
       3
       4
       0
       2
       4
       3
       5
       3
       6
       3
       3
       2
       3
       3
       4
       3
       4
       2
       2
       4
       5
       5
       1
       1
       6
       1
       1
       1
       2
       4
       2
       5
       3
       4
       4
       2
       6
       5
       1
       2
       2
       8
       5
       2
       6
       2
       2
       0
       1
       5
       3
       3
       4
       3
       2
       2
       6
       2
       4
       3
       1
       3
       5
       5
       2
       3
       3
       3
       7
       2
       1
       3
       0
       5
       4
       3
       3
       1
       1
       1
       3
       7
       1
       4
       2
       6
       3
       6
       1
       3
       2
       2
       4
       1
       3
       2
       6
       2
       3
       0
       3
       3
       2
       4
       4
       3
       0
       4
       4
       1
       4
       3
       5
       1
       4
       2
       7
       2
       5
       2
       1
       3
       6
       1
       1
       4
       3
       2
       3
       7
       1
       4
       2
       2
       2
       2
       5
       2
       2
       5
       2
       1
       2
       1
       5
       7
       6
       6
       2
       0
       0
       1
       4
       5
       2
       1
       2
       2
       2
       0
       5
       2
      10
       3
       1
       2
       1
       0
       4
       3
       3
       4
       4
       1
       0
       4
       1
       2
       3
       3
       1
       0
       2
       2
       2
       1
       2
       3
       1
       1
       0
       2
       5
       4
       2
       0
       1
       2
       2
       2
       3
       1
       6
       0
       3
       2
       1
       0
       2
       1
       6
       4
       1
       1
       3
       3
       1
       2
       2
       4
       4
       3
       3
       3
       2
       6
       1
       1
       3
       4
       2
       4
       3
       1
       2
       2
       3
       0
       4
       1
       3
       3
       3
       3
       0
       4
       5
       1
       3
       3
       0
       1
       0
       5
       3
       2
       0
       2
       1
       1
       1
       3
       0
       0
       1
       4
       2
       2
       0
       2
       2
       1
       2
       3
       3
       4
       3
       0
       6
       2
       2
       2
       2
       3
       2
       1
       0
       2
       2
       1
       5
       2
       2
       3
       0
       0
       2
       5
       2
       1
       2
       7
       0
       2
       3
       4
       5
       2
       0
       1
       2
       2
       3
       4
       1
       2
       3
       3
       1
       1
       2
       3
       0
       1
       2
       2
       0
       1
       2
       0
       1
       1
       2
       4
       1
       3
       1
       1
       0
       1
       0
       2
       4
       2
       1
       1
       1
       0
       2
       3
       2
       1
       0
       2
       0
       2
       2
       1
       1
       2
       2
       4
       4
       3
       1
       0
       2
       2
       3
       0
       2
       2
       1
       1
       4
       4
       3
       3
       2
       3
       1
       0
       0
       3
       1
       1
       0
       0
       0
       4
       0
       1
       2
       0
       2
       2
       1
       2
       1
       0
       3
       3
       1
       3
       7
       1
       3
       4
       0
       0
       1
       0
       1
       0
       0
       1
       4
       5
       0
       1
       1
       1
       1
       2
       3
       1
       1
       0
       3
       1
       1
       3
       0
       1
       1
       3
       1
       2
       1
       1
       1
       1
       0
       1
       0
       2
       0
       0
       1
       1
       4
       1
       2
       3
       0
       0
       0
       3
       0
       3
       0
       2
       2
       1
       0
       0
       1
       1
       3
       4
       0
       1
       2
       2
       2
       2
       3
       2
       2
       4
       0
       2
       3
       3
       0
       1
       1
       0
       1
       2
       0
       0
       2
       0
       2
       2
       1
       0
       0
       2
       2
       0
       1
       2
       0
       1
       0
       0
       2
       2
       4
       2
       3
       0
       0
       0
       4
       1
       0
       2
       1
       1
       1
       5
       2
       2
       1
       3
       0
       3
       2
       1
       1
       2
       1
       0
       1
       0
       3
       1
       3
       3
       2
       2
       1
       0
       2
       3
       0
       2
       2
       2
       3
       0
       1
       2
       1
       3
       5
       1
       1
       1
       6
       5
       2
       1
       0
       1
       0
       1
       3
       0
       0
       1
       3
       0
       0
       2
       2
       2
       0
       3
       0
       2
       3
       2
       1
       1
       1
       1
       0
       0
       2
       5
       2
       5
       1
       1
       4
       2
       1
       3
       1
       1
       0
       1
       0
       3
       1
       1
       2
       1
       0
       2
       2
       2
       0
       3
       2
       3
       1
       0
       4
       0
       1
       2
       2
       1
       4
       0
       4
       1
       2
       1
       0
       0
       3
       3
       0
       3
       1
       2
       1
       4
       2
       4
       2
       0
       1
       2
       1
       1
       2
       2
       0
       3
       3
       3
       2
       1
       2
       2
       3
       1
       1
       0
       0
       0
       3
       2
       1
       1
       1
       1
       1
       1
       3
       1
       3
       2
       2
       2
       1
       2
       2
       2
       3
       1
       2
       3
       2
       2
       2
       2
       2
       2
       2
       2
       2
       3
       1
       2
       3
       2
       4
       1
       4
       2
       3
       1
       3
       2
       0
       4
       0
       2
       1
       2
       2
       1
       1
       3
       3
       1
       2
       2
       0
       1
       0
       1
       4
       3
       0
       4
       2
       2
       0
       2
       4
       3
       2
       2
       1
       2
       5
       4
       2
       0
       0
       1
       4
       2
       2
       3
       0
       0
       1
       4
       1
       3
       3
       2
       0
       1
       2
       3
       3
       2
       1
       2
       2
       2
       1
       3
       3
       2
       0
       1
       3
       2
       1
       0
       3
       2
       0
       2
       2
       3
       1
       1
       1
       1
       0
       0
       2
       1
       0
       1
       4
       1
       2
       2
       0
       3
       2
       1
       2
       2
       3
       1
       0
       5
       2
       3
       1
       0
       3
       3
       4
       1
       4
       1
       2
       1
       3
       1
       3
       2
       1
       2
       2
       2
       1
       4
       1
       2
       3
       1
       4
       3
       4
       4
       0
       2
       2
       2
       0
       1
       0
       7
       3
       5
       2
       3
       4
       6
       7
       3
       7
       2
       6
       3
       2
       3
       4
       5
       3
       2
       4
       2
       3
       8
       7
       5
      10
       6
       3
       3
       1
       9
       6
       5
       9
       7
       3
       4
       5
       7
       5
       6
       5
       3
       6
       3
       7
       6
       6
       5
       3
       3
       5
       5
       4
      10
       4
       3
       3
       3
      10
       4
       9
       9
       8
       3
       3
       9
       6
       4
      10
       8
       3
       3
       3
       3
       7
       3
      11
       6
       4
       2
       3
       2
       2
       5
       4
       5
       2
       0
       1
       4
       1
       2
       1
       1
       1
       1
       3
       2
       1
       1
       1
       2
       2
       0
       2
       0
       6
       1
       3
       0
       1
       3
       2
       0
       0
       0
       0
       3
       0
       3
       0
       1
       2
       1
       1
       0
       0
       0
       0
       1
       2
       0
       1
       0
       1
       0
       1
       1
       2
       1
       3
       1
       4
       0
       3
       0
       1
       0
       0
       1
       0
       0
       3
       1
       1
       1
       2
       1
       1
       0
       1
       0
       1
       3
       1
       1
       0
       1
       0
       0
       0
       1
       0
       3
       1
       0
       1
       1
       1
       0
       1
       0
       1
       0
       0
       0
       0
       0
       2
       0
       1
       2
       1
       2
       1
       0
       1
       0
       0
       0
       1
       1
       4
       0
       0
       2
       1
       0
       1
       0
       1
       0
       0
       1
       1
       2
       3
       2
       1
       1
       2
       1
       0
       0
       2
       0
       4
       2
       1
       2
       0
       1
       2
       4
       1
       1
       2
       0
       1
       1
       1
       4
       1
       0
       2
       1
       2
       2
       1
       1
       2
       1
       2
       0
       2
       1
       3
       1
       2
       0
       2
       1
       1
       4
       0
       0
       0
       0
       1
       2
       2
       1
       1
       0
       2
       2
       2
       0
       0
       0
       0
       1
       0
       0
       1
       0
       0
       2
       0
       0
       0
       0
       1
       1
       1
       1
       0
       1
       1
       1
       1
       0
       1
       2
       0
       2
       2
       0
       1
       1
       0
       0
       0
       0
       2
       0
       0
       1
       2
       0
       0
       1
       0
       0
       1
       0
       0
       2
       1
       0
       0
       0
       0
       1
       0
       0
       0
       1
       1
       0
       0
       2
       0
       0
       1
       1
       1
       0
       1
       1
       1
       1
       0
       1
       2
       0
       0
       3
       0
       2
       1
       1
       1
       1
       0
       0
       0
       0
       0
       3
       1
       1
       3
       0
       2
       0
       0
       1
       0
       1
       0
       0
       0
       0
       1
       3
       0
       1
       2
       2
       0
       0
       0
       1
       2
       3
       3
       0
       2
       2
       1
       0
       1
       0
       0
       0
       2
       1
       1
       0
       0
       0
       3
       2
       1
       2
       0
       1
       0
       4
       0
       2
       1
       0
       2
       2
       1
       1
       1
       0
       2
       1
       3
       0
       1
       1
       2
       0
       3
       0
       0
       0
       0
       1
       1
       1
       2
       1
       1
       1
       0
       1
       1
       2
       0
       0
       1
       1
       2
       1
       0
       1
       0
       0
       2
       0
       0
       0
       1
       2
       1
       1
       0
       1
       1
       0
       0
       0
       2
       0
       0
       0
       0
       0
       0
       0
       0
       1
       0
       1
       1
       0
       1
       1
       1
       0
       0
       1
       2
       0
       2
       1
       0
       0
       0
       0
       0
       2
       0
       1
       0
       1
       0
       3
       1
       0
       0
       1
       1
       1
       0
       3
       0
       0
       4
       1
       2
       1
       3
       2
       1
       0
       3
       3
       1
       1
       1
       2
       5
       2
       4
       3
       0
       3
       4
       4
       2
       2
       1
       1
       0
       1
       0
       0
       1
       1
       0
       0
       0
       1
       0
       0
       2
       1
       2
       0
       2
       0
       0
       2
       1
       0
       0
       0
       0
       1
       0
       1
       1
       0
       0
       1
       0
       0
       0
       0
       0
       0
       1
       0
       0
       0
       0
       0
       0
       0
       0
       0
       0
       0
       0
       1
       0
       1
       0
       0
       1
       0
       0
       0
       1
       0
       3
       1
       0
       1
       0
       0
       0
       0
       2
       2
       2
       0
       0
       0
       1
       0
       0
       0
       1
       2
       0
       3
       2
       1
       1
       0
       1
       2
       0
       2
       2
       2
       1
       4
       1
       1
       5
       1
       6
       3
       5
       7
      11
       7
      15
      16
       7
       9
      11
       8
       9
       6
       8
      11
       7
      10
       4
       5
       6
       4
       1
       3
       2
       2
       1
       0
       1
       0
       1
       0
       0
       1
       0
       0
       0
       0
       1
       0
       0
       0
       0
       0
       1
       0
       0
       0
       0
       0
       0
       0
       0
       0
       0
       0
       0
       0
       0
       0
       0
       0
       0
       0
       0
       0
       0
       0
       0
       0
       0
       0
       0
       0
       0
       0
       0
       0
       0
       0
       0
       0
       0
       0
       0
       0
       0
       0
       0
       0
       0
       0
       0
       0
       0
       0
       0
       0
       0
       0
       0
       0
       0
       0
       0
       0
       0
       0
       0
       0
       0
       0
       0
       0
       0
       0
       0
       0
       0
       0
       0
       0
       0
       0
       0
       0
       0
       0
       0
       0
       0
       0
       0
       0
       0
       0
       0
       0
       0
       0
       0
       0
       0
       0
       0
       0
       0
       0
       0
       0
       0
       0
       0
       0
       0
       0
       0
       0
       0
       0
       0
       0
       0
       0
       0
       0
       0
       0
       0
       0
       0
       0
       0
       0
       0
       0
       0
       0
       0
       0
       0
       0
       0
       0
       0
       0
       0
       0
       0
       0
       0
       0
       0
       0
       0
       0
       0
       0
       0
       0
       0
       0
       0
       0
       0
       0
       0
       0
       0
       0
       0
       0
       0
       0
       0
       0
       0
       0
       0
       0
       0
       0
       0
       0
       0
       0
       0
       0
       0
       0
       0
       0
       0
       0
       0
       0
       0
       0
       0
       0
       0
       0
       0
       0
       0
       0
       0
       0
       0
       0
       0
       0
       0
       0
       0
       0
       0
       0
       0
       0
       0
       0
       0
       0
       0
       0
       0
       0
       0
       0
       0
       0
       0
       0
       0
       0
       0
       0
       0
       0
       0
       0
       0
       0
       0
       0
       0
       0
       0
       0
       0
       0
       0
       0
       0
       0
       0
       0
       0
       0
       0
       0
       0
       0
       0
       0
       0
       0
       0
       0
       0
       0
       0
       0
       0
       0
       0
       0
       0
       0
       0
       0
       0
       0
       0
       0
       0
       0
       0
       0
       0
       0
       0
       0
       0
       0
       0
       0
       0
       0
       0
       0
       0
       0
       0
       0
       0
       0
       0
       0
       0
       0
       0
       0
       0
       0
       0
       0
       0
       0
       0
       0
       0
       0
       0
       0
       0
       0
       0
       0
       0
       0
       0
       0
       0
       0
       0
       0
       0
       0
       0
       0
       0
       0
       0
       0
       0
       0
       0
       0
       0
       0
       0
       0
       0
       0
       0
       0
       0
       0
       0
       0
       0
       0
       0
       0
       0
       0
       0
       0
       0
       0
       0
       0
       0
       0
       0
       0
       0
       0
       0
       0
       0
       0
       0
       0
       0
       0
       0
       0
       0
       0
       0
       0
       0
       0
       0
       0
       0
       0
       0
       0
       0
       0
       0
       0
       0
       0
       0
       0
       0
       0
       0
       0
       0
       0
       0
       0
       0
       0
       0
       0
       0
       0
       0
       0
       0
       0
       0
       0
       0
       0
       0
       0
       0
       0
       0
       0
       0
       0
       0
       0
       0
       0
       0
       0
       0
       0
       0
       0
       0
       0
       0
       0
       0
       0
       0
       0
       0
       0
       0
       0
       0
       0
       0
       0
       0
       0
       0
       0
       0
       0
       0
       0
       0
       0
       0
       0
       0
       0
       0
       0
       0
       0
       0
       0
       0
       0
       0
       0
       0
       0
       0
       0
       0
       0
       0
       0
       0
       0
       0
       0
       0
       0
       0
       0
       0
       0
       0
       0
       0
       0
       0
       0
       0
       0
       0
       0
       0
       0
       0
       0
       0
       0
       0
       0
       0
       0
       0
       0
       0
       0
       0
       0
       0
       0
       0
       0
       0
       0
       0
       0
       0
       0
       0
       0
       0
       0
       0
       0
       0
       0
       0
       0
       0
       0
       0
       0
       0
       0
       0
       0
       0
       0
       0
       0
       0
       0
       0
       0
       0
       0
       0
       0
       0
       0
       0
       0
       0
       0
       0
       0
       0
       0
       0
       0
       0
       0
       0
       0
       0
       0
       0
       0
       0
       0
       0
       0
       0
       0
       0
       0
       0
       0
       0
       0
       0
       0
       0
       0
       0
       0
       0
       0
       0
       0
       0
       0
       0
       0
       0
       0
$ROI:
0
$PRESETS:
Real Time
300
0
$ENER_FIT:
-14.559913 0.471242
$MCA_CAL:
3
-1.455991E+001 4.712425E-001 0.000000E+000 keV
$SHAPE_CAL:
3
1.284168E+002 -2.797580E-002 0.000000E+000
