$SPEC_ID:
Pulser
$SPEC_REM:
DET# 2
DETDESC# NUCLEAR-PC MCB 129 Input 2
AP# Maestro Version 6.08
$DATE_MEA:
02/05/2021 10:28:49
$MEAS_TIM:
295 300
$DATA:
0 4095
       0
       0
       0
       0
       0
       0
       0
       0
       0
       0
       0
       0
       0
       0
       0
       0
       0
       0
       0
       0
       0
       0
       0
       0
       0
       0
       0
       0
       0
       0
       0
       0
       0
       0
       0
       0
       0
       0
       0
       0
       0
       0
       0
       0
       0
       0
       0
       4
      81
      68
      67
      71
      74
      91
      76
      75
      72
      80
      65
      73
      75
      73
      77
      81
      72
      63
      78
      85
      91
      85
      87
      86
      82
      83
      83
      74
      94
      78
      79
      68
      82
      93
      91
      98
      97
      79
      72
      70
      82
      82
      97
      93
      71
      97
      91
      89
      77
      97
      85
      87
      99
      75
      81
      90
      80
      99
      82
      95
      82
      89
     106
      96
      93
     101
      99
     106
      80
      71
      87
      88
      84
      99
     112
      84
     101
     102
     115
      97
     103
      83
     114
     104
     113
     110
     109
      97
      96
     129
     129
     110
     106
     118
     111
      99
     122
     104
      99
     114
     108
     125
      78
     120
     106
     127
     112
     115
     127
     134
      99
     140
     139
     121
     133
     137
     150
     141
     121
     130
     136
     130
     135
     120
     126
     137
     139
     131
     123
     127
     132
     144
     132
     153
     140
     159
     128
     167
     123
     132
     133
     132
     170
     150
     139
     142
     151
     133
     173
     131
     175
     141
     149
     144
     147
     146
     135
     143
     138
     157
     161
     145
     169
     141
     162
     151
     146
     151
     166
     151
     173
     161
     125
     168
     136
     141
     170
     161
     173
     166
     165
     163
     170
     144
     163
     139
     139
     173
     163
     158
     143
     149
     149
     145
     148
     160
     139
     148
     158
     141
     166
     135
     184
     145
     143
     164
     161
     171
     170
     168
     165
     181
     152
     162
     155
     151
     165
     156
     162
     175
     156
     162
     164
     150
     158
     196
     148
     153
     160
     159
     151
     142
     193
     176
     162
     161
     155
     170
     163
     181
     155
     143
     153
     158
     159
     182
     150
     171
     159
     140
     167
     151
     170
     170
     150
     166
     176
     169
     156
     166
     165
     150
     142
     157
     147
     184
     161
     142
     178
     147
     180
     148
     162
     149
     163
     149
     187
     173
     149
     178
     171
     137
     175
     176
     169
     162
     183
     145
     168
     176
     166
     169
     162
     148
     184
     172
     152
     166
     165
     161
     171
     176
     170
     162
     170
     180
     149
     168
     165
     195
     188
     172
     161
     189
     166
     199
     179
     176
     199
     188
     192
     187
     150
     200
     184
     200
     188
     213
     222
     169
     202
     204
     184
     208
     190
     199
     201
     228
     216
     181
     210
     212
     237
     191
     215
     207
     208
     207
     210
     201
     213
     212
     195
     211
     203
     214
     206
     214
     192
     196
     185
     190
     190
     197
     207
     177
     196
     172
     225
     200
     184
     190
     231
     183
     208
     174
     204
     172
     177
     171
     155
     157
     200
     183
     185
     208
     175
     175
     166
     185
     181
     178
     140
     171
     154
     168
     188
     184
     159
     167
     162
     159
     147
     173
     175
     166
     166
     159
     174
     175
     152
     161
     161
     155
     161
     183
     160
     156
     172
     177
     165
     155
     150
     147
     153
     136
     179
     135
     151
     164
     155
     122
     168
     136
     131
     144
     149
     149
     162
     148
     139
     155
     148
     148
     146
     143
     149
     126
     140
     120
     145
     141
     139
     135
     158
     140
     143
     162
     157
     165
     132
     130
     145
     136
     128
     131
     117
     125
     116
     130
     103
     157
     140
     124
     123
     146
     141
     141
     134
     123
     132
     130
     141
     150
     132
     138
     126
     128
     125
     108
     105
     145
     131
     114
     117
     131
     113
     121
     117
     122
     121
     108
     120
     132
     116
     111
     119
     126
     129
     109
     109
     103
     124
      97
     121
     103
      96
      94
      93
     105
     123
      96
      96
     125
      94
      92
     117
     104
      97
     103
      96
     101
     103
     109
     109
     121
     102
      98
      99
      98
     113
     118
     101
      98
      94
     109
      98
      92
      84
      98
     120
     102
      91
      76
      77
      78
      88
     102
      95
      94
      86
      83
      95
      97
      95
     103
      63
      92
      88
     110
      94
      96
      90
      92
      79
      88
      96
      86
      97
     109
     101
      85
      87
     103
      74
      87
      76
      96
      79
      88
      97
      96
      96
      95
      98
      91
      89
      80
      90
      86
      74
      89
      97
      71
      89
      77
      96
      90
      87
      81
      90
      79
      91
      86
      88
      79
      84
      85
      87
      86
      90
      90
      91
      94
      86
      98
      80
      77
      74
     102
      99
      66
      75
      74
      66
      86
      80
      85
      76
      91
      83
      81
      76
      71
      78
      60
      71
      83
      85
      82
      70
      73
      70
      73
      75
      79
      73
      72
      54
      60
      59
      62
      71
      69
      78
      65
      79
      60
      61
      55
      61
      56
      56
      49
      63
      54
      56
      66
      67
      60
      47
      48
      55
      65
      61
      67
      53
      58
      66
      55
      53
      51
      52
      53
      54
      59
      57
      51
      54
      37
      55
      45
      59
      47
      48
      47
      39
      49
      43
      42
      44
      41
      41
      41
      43
      43
      38
      45
      47
      45
      63
      41
      47
      43
      38
      47
      46
      44
      45
      41
      39
      37
      42
      41
      45
      44
      36
      38
      34
      45
      26
      36
      40
      39
      45
      37
      46
      25
      33
      43
      28
      30
      27
      33
      30
      33
      30
      39
      32
      28
      29
      33
      29
      20
      36
      40
      36
      27
      49
      31
      28
      32
      27
      30
      35
      40
      30
      21
      29
      27
      30
      22
      31
      29
      30
      23
      31
      25
      28
      36
      32
      23
      36
      27
      34
      34
      23
      35
      30
      27
      26
      33
      29
      35
      26
      30
      28
      24
      17
      29
      27
      21
      25
      27
      20
      30
      23
      23
      24
      25
      26
      31
      25
      23
      21
      32
      20
      35
      29
      29
      20
      19
      18
      27
      26
      23
      30
      24
      25
      21
      19
      26
      27
      18
      24
      30
      13
      21
      22
      24
      23
      29
      25
      32
      24
      19
      28
      23
      26
      28
      22
      27
      24
      27
      23
      31
      21
      22
      28
      13
      28
      24
      27
      18
      25
      25
      22
      17
      19
      20
      23
      25
      19
      22
      16
      29
      21
      11
      19
      26
      15
      26
      24
      27
      23
      29
      25
      24
      27
      21
      26
      22
      15
      14
      22
      20
      29
      29
      29
      31
      20
      24
      15
      20
      23
      26
      26
      40
      29
      29
      21
      20
      24
      27
      19
      32
      19
      17
      29
      26
      21
      26
      17
      17
      25
      24
      27
      26
      19
      33
      29
      19
      22
      32
      27
      29
      23
      28
      33
      42
      33
      27
      27
      30
      30
      32
      40
      46
      52
      45
      48
      53
      44
      34
      36
      42
      51
      41
      43
      48
      62
      60
      49
      41
      70
      64
      85
      71
      88
      70
      81
      64
      85
      79
      80
      92
      84
      99
     102
      98
     121
     118
     102
     116
     126
     138
     148
     121
     139
     162
     140
     144
     154
     155
     154
     175
     167
     155
     204
     181
     177
     191
     217
     208
     220
     209
     218
     232
     241
     277
     242
     255
     276
     290
     256
     281
     300
     304
     267
     267
     282
     304
     286
     329
     299
     328
     355
     359
     287
     328
     356
     370
     385
     369
     385
     382
     411
     406
     411
     419
     414
     402
     380
     405
     415
     416
     442
     424
     397
     426
     441
     459
     467
     433
     408
     471
     399
     426
     440
     445
     447
     444
     435
     445
     467
     443
     407
     418
     440
     426
     453
     437
     405
     435
     421
     423
     409
     393
     352
     378
     376
     421
     389
     336
     360
     378
     363
     369
     310
     361
     319
     305
     333
     322
     279
     309
     284
     295
     275
     280
     249
     246
     229
     262
     268
     226
     235
     226
     233
     203
     217
     193
     179
     167
     160
     185
     174
     159
     167
     142
     154
     144
     133
     117
     126
     131
     134
     110
     120
      99
     108
      79
      84
      81
      81
      77
      80
      75
      72
      69
      65
      55
      44
      63
      75
      39
      56
      46
      53
      45
      49
      36
      43
      33
      40
      42
      47
      32
      27
      24
      30
      36
      24
      34
      25
      28
      26
      26
      22
      20
      13
      25
      20
      18
      20
      19
      20
      19
      18
      19
      13
      26
      20
      10
      13
      14
      16
      18
      16
      18
      16
      12
      16
      15
      20
      18
      15
      21
      16
      15
      20
      22
      16
      15
      10
      15
      12
      12
      18
       9
      22
       7
      15
      11
      11
      12
      13
      18
      17
      15
      20
      13
      22
      11
      15
      10
      17
      15
      11
      13
      18
       7
      17
      14
      14
      17
      20
      13
      12
      17
      12
       9
      13
      10
       9
      19
      11
      18
      15
      13
      14
      17
      10
      17
      18
      18
      11
      22
      21
      14
       9
      15
      13
      16
      10
      14
      16
      18
      16
      16
      10
      11
      11
      18
      17
      15
       9
       6
      15
      16
       9
      12
       9
      18
      11
      13
       9
      13
      12
      12
      13
      20
      14
      17
      19
      17
      17
      19
      17
      11
      13
       9
      18
      19
      11
      12
      16
      22
      10
       5
      11
      10
      16
      10
      23
      18
      16
      15
      18
      14
      13
      11
      14
      13
      15
      17
      13
      13
       8
      13
      17
      18
      10
      19
      13
      10
      10
       8
      15
      17
      14
      14
      11
      22
      10
      16
      13
      12
      16
      14
      19
       8
      19
      13
      15
      16
      14
      13
       7
      16
       9
      13
      17
      12
       6
      23
      16
       9
       9
      11
      12
      14
      16
       9
      13
      21
       9
      16
      12
      17
      15
      13
      20
      12
      14
      12
      17
      15
      13
      19
       8
      14
      21
      11
      18
      12
      14
      14
      12
       9
      16
      13
      14
       9
      10
      11
      13
      18
       9
      14
      12
      11
      22
      12
      15
       8
      12
      10
      19
      10
       8
      17
      12
      11
       7
      13
      20
      17
      19
       7
      10
      12
      15
       8
      10
      11
      13
      16
      10
      14
      17
      16
      16
      17
       9
       8
      14
      12
       6
      13
      19
      14
      21
      17
      16
       8
      21
      14
      15
       8
      10
      15
       7
      15
      13
       9
       9
      13
      17
      16
      16
      12
      10
       8
      10
       8
       7
       7
      11
      14
      13
      16
      13
      13
       9
      11
      11
      19
      14
      14
      15
      15
      13
       7
      14
      18
      11
      14
      10
      13
      20
      20
      11
       7
       8
      11
      15
      18
      19
      12
      15
      10
       9
      11
      15
       6
      10
      14
       8
      14
      11
      10
       8
      16
      15
      12
      16
      16
      16
      16
       9
       6
      14
       9
      14
      13
       9
       9
       7
      14
      15
      13
       6
      15
       8
      12
      14
      11
       9
       9
       8
      11
       7
      13
      16
      11
      16
      11
       6
      18
      13
      16
      10
       9
      17
      12
      11
      14
      10
       9
      20
      13
      15
      18
      13
      12
       9
      14
       6
       9
       7
      12
      16
       8
      15
       8
      12
      14
      11
      14
      12
       7
       9
      14
       9
      14
      12
      13
      14
      17
      13
      14
      19
      12
      10
      15
      11
      19
      15
      16
      15
      13
      12
      16
      11
      10
      17
      16
      13
      16
      17
      11
      11
      11
      10
      10
      13
      13
       7
      15
      10
      12
      20
      13
       7
      18
      10
      14
      22
      12
      10
      20
      17
      13
      16
      17
      11
      13
      14
      13
      17
      12
      13
      13
       8
      10
      15
      17
      12
      10
      10
      12
       8
      12
      25
      14
      13
      15
      14
      11
       8
      15
      14
      17
      10
      12
      12
      12
      14
      12
      13
      12
       5
      12
       6
      12
      12
      15
      13
      15
       8
      10
       9
       8
      14
      11
      12
      10
      13
      11
      12
      14
      12
      13
      13
       9
      15
      14
       9
      14
       9
      12
      17
      11
      11
      11
      13
      18
       9
       9
      12
       9
      13
      17
      16
      12
      14
      14
       8
      13
      11
      13
      12
      10
       5
      12
       5
      15
      10
      17
      15
      15
      13
      17
      16
       9
      14
      12
      16
      15
       9
      15
      14
      16
      16
      12
      14
      13
       8
      12
      18
      15
      10
      10
      10
      12
       4
       9
      12
      13
      13
      12
      15
       9
       9
       8
       9
      16
      14
      16
      14
      13
       9
      15
      10
      16
      10
      18
       8
      14
      16
       9
      12
      15
       6
       9
       9
       8
      12
      19
       8
      19
      16
      16
      11
       9
      14
      13
      11
      16
      10
      14
      13
       8
      11
       7
      17
      13
      14
      17
      17
      15
       8
      11
      11
       8
       9
       8
      14
      10
      15
      15
      12
      10
      12
       7
      11
       9
       7
      11
      11
      14
      16
      10
      14
       9
      18
      11
      17
      10
      15
      10
      13
       5
      13
       7
      16
       9
      14
      10
      12
      14
       8
       8
       8
      15
      11
       5
      10
      22
       7
       6
      13
       7
       8
      17
       9
      17
      14
      10
       9
      12
      10
      13
       9
       7
      10
      10
      12
      22
      11
      14
      17
      16
       8
      13
      15
      15
       9
      14
      14
       7
      17
      12
      21
      14
      18
       9
      16
      21
      10
      10
      12
      11
      12
      14
      11
      10
      20
       8
      12
       5
      16
       9
      10
      15
      10
      18
      12
      25
      16
      12
      17
       9
      16
      16
      13
      11
      12
      22
      19
      14
      17
      10
      12
       7
      13
      19
       8
      17
      13
      15
      14
      11
      10
      11
      22
      13
      13
      15
      15
       8
      15
      19
      13
      13
      16
      12
      17
      13
      21
      11
      11
      16
      16
      14
      16
      12
      17
      20
      11
      22
      14
      21
       9
      11
      13
      13
      15
      14
      19
      10
      17
      12
      11
      17
      13
      13
      13
      20
      14
      10
      12
      13
      11
      11
      26
      10
      19
      16
      11
      15
      16
      16
      10
      19
      15
      10
      14
      15
       9
      14
      14
      15
      17
      20
      14
      17
      17
      23
      21
      13
      15
      14
      15
       9
      17
      12
      10
       7
      11
      14
      18
      14
      16
      14
      14
      15
      17
      19
      12
      12
      20
      13
      10
      13
      17
      15
      14
      13
      14
      17
      19
      13
      11
      12
      21
      17
      14
      22
      12
      12
      13
      10
      24
      11
      10
      14
      13
      16
      13
      18
      16
      10
      23
      20
      13
      10
      14
       9
      16
      16
      14
       8
      20
      20
      14
      14
      12
      18
      12
       6
      17
      12
      16
      19
      15
      12
      21
      18
      16
      19
      14
      10
      13
      18
      20
      11
      14
      21
      14
      16
      11
      15
      10
      16
      22
      17
      17
      18
      20
      17
      16
      14
      23
      16
      10
      13
      16
      17
      19
      16
      17
      20
      12
      18
      18
      14
      20
      22
      15
       9
      14
      19
      17
      11
      18
       8
      18
      16
      16
      12
      14
      16
      10
      17
      16
      14
      15
      20
      12
      16
      20
      14
       9
      22
      14
      18
      18
      12
      25
      17
      15
      19
      24
      16
      10
      14
       9
      18
      13
      10
      13
      13
      11
      25
      14
      16
      10
      14
      21
      11
      11
      20
      21
      12
      18
      14
      21
      11
      20
      12
      17
       9
      10
      12
      21
      12
      10
      15
      11
      13
      18
      12
      17
      11
      22
       8
      18
      10
      13
      12
      11
      12
      13
      15
      23
      10
      19
       9
      15
      19
      13
      10
      13
      16
      10
      14
      11
      22
      11
      15
       8
      13
      12
      14
      14
      11
      14
      13
      13
      19
       9
       7
      12
       9
      17
      15
      14
      14
      11
      19
      13
      13
       6
       4
      10
      15
      16
       6
      10
      15
      11
       8
       7
       7
      14
      14
      10
       5
      11
       7
      20
       9
       8
      12
       8
      10
      10
       9
      10
      10
      11
      17
       5
       9
       6
      14
       8
      10
       9
      13
       7
       6
       6
       3
       5
      14
       5
       5
       8
      13
       7
       4
       7
       9
       9
      12
       7
       9
       9
       9
      12
       6
       8
      12
       3
      11
       7
       8
       3
      13
      12
       6
       3
       9
      13
       9
       5
       7
      10
       5
       6
      12
       4
       8
       7
      10
       7
      11
      10
       8
       7
       6
       6
       7
       7
       7
       3
       3
       8
       8
      11
       6
       5
       7
       6
       3
       8
       9
      11
       3
       9
       9
       5
       6
       6
       1
       5
       1
       3
       9
      11
      11
       7
       5
       2
       5
       5
       3
       4
       6
       8
       5
       2
       6
       4
       5
       4
       3
       4
       9
       6
       5
       2
       6
       2
       3
       5
       4
       6
       4
       5
       6
       7
       5
       3
       3
      10
       5
       5
       6
       9
       3
       3
       6
       7
      11
       5
       5
       4
       4
       5
      11
       2
       3
       2
       5
       3
       2
       2
       7
       6
       5
       3
       5
       7
       2
       5
       2
       5
       5
       7
       3
       3
       8
       5
       5
       4
       2
       3
       3
       4
       3
       4
       2
       3
       7
       7
       6
       4
       2
       5
       1
       3
       5
       2
       6
       8
       8
       3
       5
       1
       4
       4
       3
       0
       3
       7
       5
       6
       1
       6
       4
       4
       6
       8
       2
       4
       4
       1
       0
       4
       4
       5
       7
       2
       5
       9
       4
       4
       7
       1
       4
       6
       4
       2
       2
       4
       2
       1
       7
       3
       5
       6
       5
       3
       2
       4
       1
       2
       7
       2
       2
       3
       3
       1
       8
       5
       1
       5
       3
       3
       3
       4
       2
      10
       7
       7
       2
       2
       6
       6
       4
       4
       3
       5
       2
       5
       9
       2
       1
       6
       7
       6
       2
       6
       5
       2
       9
       3
       7
       5
       4
       2
       3
       8
       5
       4
       6
       4
       5
       5
       5
       3
       7
      12
       9
       5
      11
      10
       7
      13
      11
       8
      10
      11
       7
      12
       8
      11
      13
      23
      16
      18
      11
      14
      15
      17
      19
       7
      24
      24
      23
      17
      32
      26
      34
      35
      35
      38
      32
      30
      35
      35
      34
      39
      59
      45
      45
      46
      52
      59
      66
      68
      61
      71
      88
      85
      98
      80
      79
      79
      82
      81
      97
      99
     110
     110
      96
     140
     143
     123
     120
     118
     115
     135
     144
     160
     123
     153
     149
     139
     160
     162
     152
     162
     152
     166
     143
     156
     157
     154
     148
     148
     139
     159
     129
     142
     128
     134
     131
     115
     116
     112
     118
     131
     111
     112
      95
      85
     106
      85
      79
      82
      96
      69
      75
      62
      61
      62
      66
      47
      29
      35
      30
      42
      50
      35
      39
      28
      28
      18
      24
      18
      20
      15
      17
      17
      11
      11
      12
      11
      12
       6
      11
       9
      10
       7
       5
       5
       9
       7
      10
       4
       6
       3
       4
       6
       1
       2
       1
       4
       3
       5
       6
       4
       5
       2
       5
       5
       7
       5
       7
       7
       6
       3
       3
       5
       4
       4
       7
       4
       9
       3
       7
       7
       3
       5
       6
      10
       8
       3
       5
       5
       6
       5
       4
       4
       8
       6
       8
       1
       8
       4
       7
       8
       6
       7
      16
       7
       3
      10
       9
       7
      10
       6
       7
       6
       4
       7
       8
       8
       3
       5
       3
       4
       4
       3
       2
       2
       4
       4
       2
       3
       4
       1
       5
       1
       3
       1
       7
       6
       4
       4
       3
       5
       4
       3
       3
       2
       3
       3
       8
       2
       4
       3
       3
       1
       3
       1
       4
       6
       5
       2
       4
       3
       2
       6
       1
       5
       2
       4
       1
       5
       2
       5
       1
       1
       2
       0
       5
       4
       3
       3
       4
       3
       2
       3
       2
       1
       0
       3
       2
       0
       2
       6
       2
       7
       1
       0
       1
       1
       5
       2
       6
       2
       1
       2
       2
       1
       0
       1
       3
       0
       3
       0
       1
       0
       1
       1
       2
       1
       1
       0
       1
       2
       0
       3
       1
       3
       2
       3
       3
       0
       0
       2
       3
       2
       5
       0
       1
       1
       3
       2
       2
       5
       3
       1
       0
       2
       1
       0
       0
       1
       0
       2
       0
       3
       0
       3
       0
       1
       0
       0
       1
       3
       3
       1
       1
       4
       4
       0
       1
       2
       1
       2
       4
       3
       0
       5
       2
       1
       3
       0
       3
       2
       5
       1
       2
       0
       3
       2
       2
       2
       5
       8
       3
       6
       3
       4
       2
       4
       8
       4
       4
       5
       6
       2
       4
       1
       4
       6
       2
       6
       2
       3
       6
       3
       2
       5
       3
       3
       1
       4
       5
       5
       2
       2
       3
       1
       3
       4
       2
       0
       0
       2
       0
       4
       1
       0
       1
       4
       3
       1
       1
       0
       0
       0
       1
       2
       1
       0
       1
       0
       2
       1
       1
       1
       0
       0
       0
       2
       0
       0
       1
       3
       0
       0
       0
       3
       1
       1
       1
       1
       0
       0
       1
       0
       0
       1
       0
       2
       0
       1
       0
       1
       0
       1
       1
       1
       0
       0
       0
       1
       1
       1
       0
       0
       1
       1
       0
       1
       0
       0
       0
       1
       1
       0
       0
       3
       1
       0
       1
       0
       1
       0
       0
       1
       0
       0
       0
       0
       1
       0
       0
       1
       0
       2
       1
       1
       0
       1
       2
       1
       0
       1
       1
       1
       1
       0
       0
       2
       0
       0
       2
       0
       0
       3
       3
       2
       0
       1
       1
       0
       2
       2
       1
       0
       1
       1
       0
       1
       0
       0
       3
       1
       2
       3
       2
       0
       1
       0
       0
       1
       1
       0
       1
       1
       0
       0
       0
       1
       1
       0
       2
       0
       0
       1
       1
       2
       0
       0
       0
       1
       1
       2
       1
       1
       2
       4
       1
       0
       1
       1
       1
       1
       0
       0
       1
       0
       0
       2
       0
       0
       1
       2
       0
       2
       0
       0
       1
       0
       1
       0
       0
       0
       1
       1
       1
       1
       1
       0
       0
       0
       0
       0
       3
       1
       1
       1
       0
       0
       0
       0
       1
       0
       0
       0
       0
       0
       0
       1
       0
       0
       0
       0
       2
       0
       1
       3
       1
       3
       1
       2
       5
       1
       0
       0
       3
       1
       3
       3
       1
       3
       3
       1
       4
       3
       1
       1
       1
       3
       1
       5
       1
       1
       1
       0
       3
       0
       0
       1
       0
       0
       1
       1
       0
       0
       0
       2
       0
       0
       2
       0
       0
       0
       0
       1
       2
       1
       0
       0
       0
       0
       1
       0
       0
       0
       0
       0
       0
       0
       0
       0
       0
       0
       0
       0
       0
       0
       0
       1
       0
       1
       1
       0
       0
       0
       0
       0
       1
       2
       0
       1
       2
       1
       1
       1
       0
       0
       2
       1
       3
       3
       0
       0
       0
       0
       0
       1
       2
       1
       1
       1
       2
       0
       1
       1
       0
       1
       1
       0
       0
       0
       1
       2
       1
       2
       1
       1
       1
       2
       2
       0
       3
       3
       2
       2
       1
       5
       2
       4
       4
      11
      26
      39
      14
      19
      10
       4
       3
       4
       6
       5
       3
       6
       1
       2
       2
       1
       1
       0
       2
       2
       2
       1
       1
       0
       0
       1
       0
       0
       1
       0
       0
       0
       0
       1
       0
       0
       1
       0
       0
       0
       0
       0
       0
       0
       0
       0
       0
       0
       0
       0
       0
       0
       0
       0
       0
       0
       0
       0
       0
       0
       0
       0
       0
       0
       0
       0
       0
       0
       0
       0
       0
       0
       0
       0
       0
       0
       0
       0
       0
       0
       0
       0
       0
       0
       0
       0
       0
       0
       0
       0
       0
       0
       0
       0
       0
       0
       0
       0
       0
       0
       0
       0
       0
       0
       0
       0
       0
       0
       0
       0
       0
       0
       0
       0
       0
       0
       0
       0
       0
       0
       0
       0
       0
       0
       0
       0
       0
       0
       0
       0
       0
       0
       0
       0
       0
       0
       0
       0
       0
       0
       0
       0
       0
       0
       0
       0
       0
       0
       0
       0
       0
       0
       0
       0
       0
       0
       0
       0
       0
       0
       0
       0
       0
       0
       0
       0
       0
       0
       0
       0
       0
       0
       0
       0
       0
       0
       0
       0
       0
       0
       0
       0
       0
       0
       0
       0
       0
       0
       0
       0
       0
       0
       0
       0
       0
       0
       0
       0
       0
       0
       0
       0
       0
       0
       0
       0
       0
       0
       0
       0
       0
       0
       0
       0
       0
       0
       0
       0
       0
       0
       0
       0
       0
       0
       0
       0
       0
       0
       0
       0
       0
       0
       0
       0
       0
       0
       0
       0
       0
       0
       0
       0
       0
       0
       0
       0
       0
       0
       0
       0
       0
       0
       0
       0
       0
       0
       0
       0
       0
       0
       0
       0
       0
       0
       0
       0
       0
       0
       0
       0
       0
       0
       0
       0
       0
       0
       0
       0
       0
       0
       0
       0
       0
       0
       0
       0
       0
       0
       0
       0
       0
       0
       0
       0
       0
       0
       0
       0
       0
       0
       0
       0
       0
       0
       0
       0
       0
       0
       0
       0
       0
       0
       0
       0
       0
       0
       0
       0
       0
       0
       0
       0
       0
       0
       0
       0
       0
       0
       0
       0
       0
       0
       0
       0
       0
       0
       0
       0
       0
       0
       0
       0
       0
       0
       0
       0
       0
       0
       0
       0
       0
       0
       0
       0
       0
       0
       0
       0
       0
       0
       0
       0
       0
       0
       0
       0
       0
       0
       0
       0
       0
       0
       0
       0
       0
       0
       0
       0
       0
       0
       0
       0
       0
       0
       0
       0
       0
       0
       0
       0
       0
       0
       0
       0
       0
       0
       0
       0
       0
       0
       0
       0
       0
       0
       0
       0
       0
       0
       0
       0
       0
       0
       0
       0
       0
       0
       0
       0
       0
       0
       0
       0
       0
       0
       0
       0
       0
       0
       0
       0
       0
       0
       0
       0
       0
       0
       0
       0
       0
       0
       0
       0
       0
       0
       0
       0
       0
       0
       0
       0
       0
       0
       0
       0
       0
       0
       0
       0
       0
       0
       0
       0
       0
       0
       0
       0
       0
       0
       0
       0
       0
       0
       0
       0
       0
       0
       0
       0
       0
       0
       0
       0
       0
       0
       0
       0
       0
       0
       0
       0
       0
       0
       0
       0
       0
       0
       0
       0
       0
       0
       0
       0
       0
       0
       0
       0
       0
       0
       0
       0
       0
       0
       0
       0
       0
       0
       0
       0
       0
       0
       0
       0
       0
       0
       0
       0
       0
       0
       0
       0
       0
       0
       0
       0
       0
       0
       0
       0
       0
       0
       0
       0
       0
       0
       0
       0
       0
       0
       0
       0
       0
       0
       0
       0
       0
       0
       0
       0
       0
       0
       0
       0
       0
       0
       0
       0
       0
       0
       0
       0
       0
       0
       0
       0
       0
       0
       0
       0
       0
       0
       0
       0
       0
       0
       0
       0
       0
       0
       0
       0
       0
       0
       0
       0
       0
       0
       0
       0
       0
       0
       0
       0
       0
       0
       0
       0
       0
       0
       0
       0
       0
       0
       0
       0
       0
       0
       0
       0
       0
       0
       0
       0
       0
       0
       0
       0
       0
       0
       0
       0
       0
       0
       0
       0
       0
       0
       0
       0
       0
       0
       0
       0
       0
       0
       0
       0
       0
       0
       0
       0
       0
       0
       0
$ROI:
1
2571 2869
$PRESETS:
Real Time
300
0
$ENER_FIT:
0.000000 0.453140
$MCA_CAL:
3
0.000000E+000 4.531403E-001 0.000000E+000 keV
$SHAPE_CAL:
3
1.174728E+002 0.000000E+000 0.000000E+000
