$SPEC_ID:
No sample description was entered.
$SPEC_REM:
DET# 1
DETDESC# NUCLEAR7 MCB 129 Input 1
AP# Maestro Version 6.08
$DATE_MEA:
02/12/2021 11:27:50
$MEAS_TIM:
2699 2700
$DATA:
0 4095
       0
       0
       0
       0
       0
       0
       0
       0
       0
       0
       0
       0
       0
       0
       0
       0
       0
       0
       0
       0
       0
       0
       0
       0
       0
       0
       0
       0
       0
       0
       0
       0
       0
       0
       0
       0
       0
       0
       0
       0
       0
       0
       0
       0
       0
       0
       0
       0
       0
       0
       0
       0
       0
       0
       0
       0
       0
       0
       0
       0
       0
       0
      11
       6
      13
      13
      15
      12
       8
      19
      13
      12
      12
      15
      13
      12
      17
       9
      11
      12
       8
       9
       9
      11
      13
       3
      12
       9
       7
      11
       6
      10
       7
      10
      11
       5
       4
      10
      10
       4
       8
       7
       7
      16
      11
       5
       4
       7
       9
       7
      11
       3
       4
      10
       4
       7
      11
       7
      11
      10
       5
       8
       5
       8
       7
       3
       6
      11
       4
      11
       6
       3
       7
       9
       9
       5
      10
      12
       7
       6
       6
       9
      15
       5
      13
      11
      11
       9
       5
       8
       6
       6
       5
       9
       2
       8
       4
       2
       5
       8
       7
       4
       3
       3
       2
       9
       6
       8
       4
       4
       4
       3
      10
       8
       3
       5
       7
       3
       4
       3
       5
       6
       5
       4
       7
       8
       5
       4
       4
       9
       3
       3
       4
       4
       2
       2
       5
       5
       3
       1
       8
       4
       5
       5
       9
       9
       6
       8
       3
       6
       6
       4
       3
       2
       3
       4
       3
       4
       6
       3
       3
       1
       4
       3
       7
       2
       3
       3
       7
       4
       4
       3
       4
       2
       1
       3
       3
       3
       3
       6
       4
       3
       4
       8
       2
       1
       1
       1
       3
       5
       3
       1
       2
       0
       1
       3
       5
       4
       1
       4
       1
       4
       6
       2
       4
       3
       0
       0
       6
       3
       5
       3
       5
       2
       2
       5
       1
       1
       6
       4
       4
       5
       4
       4
       8
       4
       2
       4
       2
       2
       2
       1
       3
       3
       2
       2
       2
       2
       3
       1
       3
       2
       1
       2
       5
       0
       6
       4
       0
       0
       5
       3
       3
       0
       3
       2
       1
       3
       3
       4
       3
       1
       3
       3
       3
       1
       2
       2
       0
       2
       1
       4
       1
       3
       2
       4
       3
       1
       2
       0
       4
       3
       5
       6
       4
       1
       2
       0
       2
       3
       6
       1
       1
       0
       1
       1
       2
       2
       0
       2
       2
       3
       2
       4
       2
       2
       2
       4
       0
       3
       3
       1
       3
       1
       3
       3
       1
       8
       1
       2
       2
       3
       4
       3
       1
       1
       3
       1
       0
       2
       0
       4
       1
       3
       1
       1
       1
       1
       1
       4
       1
       1
       3
       4
       3
       2
       3
       2
       1
       0
       3
       4
       4
       3
       6
       3
       1
       1
       1
       1
       1
       1
       1
       3
       3
       1
       2
       1
       2
       1
       3
       2
       1
       2
       1
       1
       3
       1
       3
       0
       1
       0
       1
       2
       2
       1
       4
       3
       2
       0
       1
       0
       3
       2
       1
       2
       1
       4
       2
       2
       1
       1
       3
       3
       2
       3
       1
       1
       1
       1
       1
       3
       2
       3
       4
       3
       0
       2
       1
       1
       2
       1
       0
       2
       1
       2
       2
       1
       1
       2
       0
       1
       5
       2
       2
       2
       1
       1
       0
       2
       0
       3
       0
       0
       1
       4
       2
       1
       2
       1
       2
       2
       3
       1
       3
       2
       2
       2
       3
       0
       0
       0
       2
       0
       0
       3
       2
       0
       0
       1
       0
       0
       1
       2
       0
       3
       2
       1
       1
       1
       2
       2
       0
       1
       3
       1
       4
       4
       1
       1
       0
       2
       6
       2
       3
       1
       2
       1
       1
       0
       1
       0
       3
       1
       1
       3
       0
       2
       2
       1
       0
       1
       0
       1
       0
       2
       0
       1
       0
       0
       0
       3
       1
       2
       0
       0
       2
       1
       0
       0
       0
       2
       2
       1
       0
       1
       0
       2
       0
       1
       1
       2
       0
       0
       2
       1
       1
       1
       1
       1
       0
       0
       0
       3
       0
       1
       2
       0
       2
       2
       0
       2
       1
       1
       0
       0
       3
       3
       0
       2
       0
       3
       1
       1
       2
       1
       0
       1
       1
       2
       2
       0
       1
       0
       0
       2
       1
       1
       2
       2
       0
       0
       1
       3
       1
       0
       2
       0
       1
       2
       2
       2
       2
       1
       1
       1
       0
       3
       0
       2
       2
       3
       1
       1
       0
       2
       0
       1
       0
       0
       3
       3
       1
       3
       3
       2
       0
       1
       1
       0
       1
       3
       0
       2
       0
       2
       1
       0
       2
       2
       0
       0
       0
       1
       0
       0
       3
       0
       0
       0
       1
       1
       3
       2
       0
       0
       1
       0
       2
       1
       1
       0
       0
       3
       0
       1
       0
       1
       1
       2
       1
       0
       1
       0
       1
       2
       1
       0
       1
       4
       0
       2
       2
       1
       1
       3
       0
       0
       2
       1
       1
       4
       0
       2
       0
       1
       0
       1
       1
       1
       0
       0
       2
       2
       0
       2
       1
       0
       1
       2
       3
       2
       0
       1
       0
       0
       1
       0
       2
       1
       0
       2
       0
       0
       2
       4
       3
       0
       1
       1
       0
       0
       0
       2
       2
       0
       0
       1
       1
       3
       0
       1
       0
       4
       0
       0
       1
       2
       0
       0
       1
       1
       2
       0
       0
       2
       2
       0
       0
       0
       1
       0
       2
       3
       2
       0
       0
       3
       1
       1
       3
       2
       1
       1
       1
       3
       1
       0
       0
       0
       1
       1
       1
       2
       1
       1
       1
       0
       0
       0
       1
       1
       0
       0
       1
       0
       1
       1
       0
       0
       1
       1
       2
       1
       0
       0
       0
       0
       0
       1
       1
       1
       0
       2
       1
       2
       1
       2
       0
       1
       0
       1
       0
       1
       0
       1
       0
       1
       0
       1
       2
       1
       1
       0
       3
       0
       1
       2
       1
       2
       0
       1
       1
       1
       2
       0
       0
       0
       2
       1
       0
       2
       0
       0
       0
       0
       0
       0
       0
       2
       1
       0
       0
       2
       3
       0
       2
       1
       1
       0
       1
       1
       0
       0
       1
       1
       2
       1
       1
       1
       1
       1
       0
       0
       1
       2
       0
       0
       1
       1
       0
       2
       1
       3
       0
       0
       0
       2
       3
       0
       0
       2
       1
       0
       0
       2
       0
       0
       0
       0
       1
       1
       2
       1
       1
       3
       1
       2
       0
       3
       0
       1
       1
       0
       2
       2
       1
       0
       0
       1
       0
       1
       1
       0
       1
       1
       1
       0
       1
       2
       0
       0
       1
       3
       0
       2
       1
       0
       0
       0
       2
       0
       1
       0
       1
       1
       1
       2
       0
       1
       0
       0
       2
       1
       1
       3
       1
       2
       0
       2
       0
       0
       0
       0
       0
       0
       2
       2
       0
       0
       0
       0
       1
       1
       0
       1
       2
       1
       0
       0
       1
       0
       0
       0
       0
       1
       0
       2
       2
       0
       0
       0
       1
       0
       1
       1
       0
       0
       1
       0
       0
       0
       2
       1
       1
       0
       0
       1
       1
       0
       0
       1
       2
       1
       1
       0
       1
       1
       1
       3
       1
       0
       1
       2
       0
       0
       1
       1
       0
       2
       1
       1
       0
       1
       0
       0
       0
       1
       0
       1
       1
       0
       1
       0
       1
       0
       1
       0
       2
       0
       1
       0
       0
       0
       0
       0
       2
       2
       0
       2
       3
       0
       1
       0
       1
       1
       2
       0
       1
       2
       0
       0
       1
       1
       0
       0
       0
       2
       1
       1
       4
       0
       0
       0
       2
       0
       0
       0
       1
       1
       2
       0
       2
       4
       0
       0
       0
       1
       0
       0
       0
       1
       0
       0
       3
       0
       1
       3
       1
       0
       0
       2
       2
       0
       1
       0
       1
       0
       0
       0
       0
       1
       0
       0
       0
       3
       2
       3
       2
       1
       1
       0
       0
       1
       0
       1
       0
       0
       1
       0
       0
       0
       0
       1
       1
       2
       1
       0
       1
       1
       0
       0
       0
       1
       1
       2
       0
       1
       0
       1
       0
       0
       0
       0
       1
       0
       1
       0
       0
       4
       1
       0
       0
       0
       1
       1
       1
       0
       0
       1
       1
       1
       1
       0
       0
       1
       0
       0
       1
       1
       1
       0
       1
       0
       2
       0
       1
       0
       0
       0
       0
       0
       1
       1
       3
       0
       1
       0
       1
       0
       0
       0
       1
       0
       1
       0
       0
       0
       2
       1
       0
       1
       1
       1
       1
       2
       0
       0
       1
       0
       0
       1
       0
       0
       0
       0
       1
       0
       0
       0
       0
       0
       2
       0
       0
       2
       2
       0
       1
       2
       0
       1
       1
       1
       0
       3
       0
       1
       1
       2
       2
       0
       1
       0
       1
       1
       0
       1
       1
       1
       1
       2
       0
       0
       1
       0
       0
       2
       0
       0
       0
       0
       1
       1
       2
       1
       4
       1
       1
       4
       0
       1
       0
       0
       1
       0
       0
       1
       0
       0
       1
       3
       1
       0
       1
       0
       0
       2
       0
       0
       0
       1
       0
       0
       0
       1
       0
       0
       3
       1
       0
       0
       1
       1
       0
       0
       0
       0
       1
       2
       1
       2
       0
       1
       0
       1
       0
       0
       0
       1
       1
       1
       1
       2
       1
       0
       0
       0
       0
       0
       0
       1
       0
       0
       2
       0
       0
       0
       1
       1
       0
       0
       0
       2
       0
       0
       0
       0
       0
       0
       1
       1
       1
       1
       2
       2
       1
       0
       0
       1
       1
       0
       0
       0
       3
       2
       0
       0
       0
       2
       0
       0
       1
       0
       1
       1
       1
       1
       1
       0
       0
       1
       1
       0
       1
       1
       1
       0
       0
       0
       0
       1
       1
       2
       0
       0
       0
       0
       0
       0
       0
       0
       0
       0
       1
       0
       1
       1
       1
       0
       1
       2
       1
       1
       1
       1
       2
       0
       0
       0
       1
       0
       0
       1
       0
       0
       1
       1
       0
       0
       1
       1
       1
       0
       0
       0
       4
       1
       0
       1
       0
       1
       1
       0
       0
       0
       2
       0
       1
       0
       0
       0
       0
       1
       1
       2
       2
       0
       1
       2
       1
       0
       0
       0
       0
       1
       0
       1
       0
       2
       0
       0
       1
       0
       0
       1
       1
       0
       0
       0
       1
       0
       0
       0
       0
       0
       1
       0
       2
       1
       0
       0
       1
       0
       1
       0
       2
       1
       2
       0
       1
       0
       0
       0
       2
       0
       0
       0
       0
       1
       0
       0
       0
       2
       0
       0
       0
       1
       2
       0
       1
       0
       4
       0
       0
       1
       0
       0
       2
       1
       1
       0
       1
       0
       0
       0
       1
       0
       0
       0
       0
       0
       0
       0
       0
       0
       3
       2
       0
       1
       1
       0
       0
       1
       0
       0
       1
       1
       0
       1
       0
       1
       0
       1
       0
       1
       0
       0
       0
       1
       1
       1
       0
       1
       1
       0
       0
       0
       1
       1
       3
       0
       0
       0
       0
       2
       0
       1
       0
       1
       0
       0
       0
       0
       0
       0
       2
       1
       1
       0
       0
       0
       1
       0
       0
       0
       0
       0
       0
       0
       1
       1
       1
       0
       3
       0
       0
       1
       1
       2
       2
       1
       0
       0
       0
       1
       2
       0
       2
       0
       0
       0
       0
       0
       0
       0
       1
       1
       2
       1
       0
       0
       1
       0
       1
       0
       0
       0
       1
       0
       1
       1
       1
       1
       2
       0
       0
       1
       1
       0
       1
       2
       2
       2
       0
       1
       2
       0
       0
       0
       1
       1
       0
       0
       0
       1
       0
       2
       0
       0
       1
       0
       0
       2
       0
       1
       1
       0
       1
       2
       0
       0
       0
       0
       0
       0
       0
       0
       0
       0
       0
       0
       2
       0
       2
       0
       1
       1
       2
       0
       0
       3
       1
       2
       2
       1
       1
       0
       0
       0
       0
       0
       2
       0
       1
       2
       1
       0
       3
       1
       0
       1
       0
       0
       1
       0
       0
       0
       0
       1
       1
       2
       0
       2
       1
       1
       0
       1
       0
       0
       1
       0
       1
       0
       0
       0
       0
       0
       1
       0
       1
       1
       0
       2
       0
       0
       0
       0
       0
       0
       1
       1
       1
       1
       1
       0
       0
       2
       0
       0
       1
       2
       1
       1
       1
       1
       1
       0
       0
       2
       1
       0
       0
       1
       0
       1
       3
       0
       1
       1
       0
       1
       2
       1
       0
       0
       0
       0
       1
       1
       0
       1
       1
       2
       0
       0
       1
       0
       1
       1
       2
       0
       3
       0
       1
       0
       1
       1
       0
       0
       1
       1
       1
       0
       1
       2
       0
       0
       0
       0
       0
       1
       1
       2
       0
       0
       1
       3
       0
       1
       0
       0
       1
       1
       0
       0
       2
       0
       0
       1
       2
       0
       0
       1
       3
       3
       1
       1
       1
       1
       1
       1
       0
       1
       1
       0
       0
       1
       0
       3
       0
       1
       0
       2
       0
       1
       0
       1
       1
       0
       0
       2
       0
       1
       0
       2
       0
       3
       2
       1
       2
       0
       2
       1
       0
       1
       1
       2
       3
       0
       0
       1
       0
       1
       0
       2
       0
       0
       3
       1
       2
       2
       1
       1
       0
       0
       1
       1
       0
       0
       0
       1
       0
       1
       1
       0
       0
       1
       1
       1
       1
       2
       0
       0
       0
       0
       0
       1
       1
       1
       1
       1
       1
       0
       0
       1
       1
       3
       0
       0
       0
       4
       1
       0
       2
       1
       0
       0
       0
       1
       0
       0
       1
       2
       1
       1
       0
       0
       1
       1
       0
       0
       0
       3
       0
       0
       0
       0
       3
       2
       0
       0
       0
       2
       2
       1
       1
       2
       0
       0
       0
       1
       0
       0
       3
       1
       0
       3
       0
       1
       0
       0
       0
       2
       2
       0
       0
       0
       0
       1
       1
       0
       0
       1
       2
       0
       0
       0
       1
       3
       2
       0
       0
       3
       0
       0
       0
       0
       1
       0
       0
       2
       0
       0
       1
       1
       0
       3
       0
       1
       3
       1
       1
       0
       2
       2
       0
       1
       0
       1
       0
       0
       0
       0
       1
       0
       2
       0
       1
       1
       1
       0
       1
       2
       0
       0
       0
       3
       0
       1
       0
       2
       2
       1
       1
       1
       0
       1
       0
       0
       1
       1
       0
       1
       1
       2
       1
       0
       2
       1
       1
       1
       2
       0
       1
       1
       0
       1
       1
       0
       0
       2
       2
       0
       1
       0
       0
       1
       1
       3
       1
       1
       1
       1
       1
       0
       0
       0
       4
       1
       3
       0
       1
       1
       1
       1
       0
       0
       1
       1
       0
       0
       1
       2
       1
       0
       0
       0
       1
       0
       2
       0
       1
       1
       2
       3
       0
       0
       1
       1
       0
       1
       2
       2
       1
       1
       1
       0
       0
       0
       0
       1
       0
       0
       1
       0
       0
       0
       1
       0
       0
       1
       1
       2
       1
       0
       1
       1
       0
       0
       0
       0
       0
       2
       0
       0
       1
       0
       2
       0
       0
       1
       1
       3
       1
       3
       0
       2
       1
       1
       1
       0
       2
       1
       3
       1
       0
       2
       1
       2
       0
       1
       0
       0
       2
       0
       1
       0
       4
       0
       1
       0
       2
       3
       2
       1
       0
       1
       3
       2
       2
       1
       1
       2
       3
       2
       1
       0
       1
       0
       2
       1
       2
       2
       0
       1
       1
       0
       1
       2
       0
       1
       0
       3
       2
       0
       0
       1
       1
       0
       0
       1
       0
       3
       1
       0
       1
       0
       2
       3
       1
       1
       1
       1
       1
       0
       3
       1
       1
       0
       0
       0
       0
       3
       1
       1
       0
       0
       1
       0
       3
       1
       0
       1
       0
       0
       0
       0
       4
       1
       4
       0
       2
       3
       0
       0
       1
       1
       1
       1
       3
       1
       1
       2
       1
       3
       0
       0
       2
       1
       3
       1
       0
       2
       0
       1
       2
       1
       3
       1
       0
       0
       1
       1
       0
       3
       1
       4
       1
       0
       0
       3
       2
       1
       1
       1
       1
       2
       1
       0
       2
       1
       4
       0
       0
       3
       0
       2
       3
       1
       2
       2
       1
       0
       1
       1
       0
       2
       3
       2
       3
       3
       0
       2
       2
       1
       1
       1
       1
       0
       2
       2
       0
       4
       3
       0
       2
       1
       3
       1
       3
       0
       2
       3
       1
       0
       1
       1
       2
       0
       5
       0
       4
       0
       3
       1
       4
       3
       0
       1
       1
       1
       1
       4
       1
       1
       0
       2
       2
       0
       2
       3
       0
       1
       2
       2
       2
       4
       1
       1
       2
       2
       3
       0
       2
       1
       3
       1
       2
       1
       1
       0
       1
       0
       3
       4
       1
       4
       3
       4
       1
       1
       2
       1
       1
       1
       1
       1
       1
       0
       3
       3
       2
       1
       0
       3
       2
       1
       0
       2
       2
       0
       2
       0
       3
       0
       0
       2
       2
       2
       4
       4
       2
       0
       2
       1
       1
       1
       2
       2
       2
       1
       2
       0
       1
       4
       3
       3
       0
       3
       3
       6
       2
       1
       4
       4
       3
       3
       4
       3
       3
       1
       3
       3
       1
       1
       2
       1
       2
       1
       1
       4
       2
       0
       4
       1
       3
       2
       4
       1
       4
       4
       3
       1
       6
       2
       1
       3
       2
       4
       2
       4
       2
       5
       1
       1
       5
       2
       1
       5
       4
       6
       4
       1
       3
       6
       4
       4
       2
       3
       6
       4
       3
       3
       4
       1
       4
       1
       4
       3
       2
       2
       5
       5
       4
       7
       6
       2
       3
      10
       9
       6
       5
       5
       9
       7
       4
       8
       4
       4
      12
       8
       9
      11
      10
      15
      20
      16
      14
      22
      22
      20
      23
      26
      35
      27
      19
      35
      29
      27
      24
      16
      10
      11
       9
       9
      10
      20
      17
      24
      36
      45
      48
      55
     102
      97
     105
     151
     121
     151
     140
     167
     158
     131
     127
      99
     111
      98
     127
      98
     151
     187
     251
     330
     386
     532
     619
     771
     854
     864
     972
     931
     870
     751
     678
     540
     458
     288
     212
     145
      83
      60
      29
      26
      16
       6
       2
       4
       4
       3
       5
       2
       4
       5
       5
       3
       2
       5
       3
       3
       7
       1
       3
       1
       3
       0
       1
       1
       0
       0
       1
       0
       0
       0
       0
       0
       0
       0
       0
       0
       0
       0
       0
       0
       0
       0
       0
       0
       0
       0
       0
       0
       0
       0
       0
       0
       0
       0
       0
       0
       0
       0
       0
       0
       0
       0
       0
       0
       0
       0
       0
       0
       0
       0
       0
       0
       0
       0
       0
       0
       0
       0
       0
       0
       0
       0
       0
       0
       0
       0
       0
       0
       0
       0
       0
       0
       0
       0
       0
       0
       0
       0
       0
       0
       0
       0
       0
       0
       0
       0
       0
       0
       0
       0
       0
       0
       0
       0
       0
       0
       0
       0
       0
       0
       0
       0
       0
       0
       0
       0
       0
       0
       0
       0
       0
       0
       0
       0
       0
       0
       0
       0
       0
       0
       0
       0
       0
       0
       0
       0
       0
       0
       0
       0
       0
       0
       0
       0
       0
       0
       0
       0
       0
       0
       0
       0
       0
       0
       0
       0
       0
       0
       0
       0
       0
       0
       0
       0
       0
       0
       0
       0
       0
       0
       0
       0
       0
       0
       0
       0
       0
       0
       0
       0
       0
       0
       0
       0
       0
       0
       0
       0
       0
       0
       0
       0
       0
       0
       0
       0
       0
       0
       0
       0
       0
       0
       0
       0
       0
       0
       0
       0
       0
       0
       0
       0
       0
       0
       0
       0
       0
       0
       0
       0
       0
       0
       0
       0
       0
       0
       0
       0
       0
       0
       0
       0
       0
       0
       0
       0
       0
       0
       0
       0
       0
       0
       0
       0
       0
       0
       0
       0
       0
       0
       0
       0
       0
       0
       0
       0
       0
       0
       0
       0
       0
       0
       0
       0
       0
       0
       0
       0
       0
       0
       0
       0
       0
       0
       0
       0
       0
       0
       0
       0
       0
       0
       0
       0
       0
       0
       0
       0
       0
       0
       0
       0
       0
       0
       0
       0
       0
       0
       0
       0
       0
       0
       0
       0
       0
       0
       0
       0
       0
       0
       0
       0
       0
       0
       0
       0
       0
       0
       0
       0
       0
       0
       0
       0
       0
       0
       0
       0
       0
       0
       0
       0
       0
       0
       0
       0
       0
       0
       0
       0
       0
       0
       0
       0
       0
       0
       0
       0
       0
       0
       0
       0
       0
       0
       0
       0
       0
       0
       0
       0
       0
       0
       0
       0
       0
       0
       0
       0
       0
       0
       0
       0
       0
       0
       0
       0
       0
       0
       0
       0
       0
       0
       0
       0
       0
       0
       0
       0
       0
       0
       0
       0
       0
       0
       0
       0
       0
       0
       0
       0
       0
       0
       0
       0
       0
       0
       0
       0
       0
       0
       0
       0
       0
       0
       0
       0
       0
       0
       0
       0
       0
       0
       0
       0
       0
       0
       0
       0
       0
       0
       0
       0
       0
       0
       0
       0
       0
       0
       0
       0
       0
       0
       0
       0
       0
       0
       0
       0
       0
       0
       0
       0
       0
       0
       0
       0
       0
       0
       0
       0
       0
       0
       0
       0
       0
       0
       0
       0
       0
       0
       0
       0
       0
       0
       0
       0
       0
       0
       0
       0
       0
       0
       0
       0
       0
       0
       0
       0
       0
       0
       0
       0
       0
       0
       0
       0
       0
       0
       0
       0
       0
       0
       0
       0
       0
       0
       0
       0
       0
       0
       0
       0
       0
       0
       0
       0
       0
       0
       0
       0
       0
       0
       0
       0
       0
       0
       0
       0
       0
       0
       0
       0
       0
       0
       0
       0
       0
       0
       0
       0
       0
       0
       0
       0
       0
       0
       0
       0
       0
       0
       0
       0
       0
       0
       0
       0
       0
       0
       0
       0
       0
       0
       0
       0
       0
       0
       0
       0
       0
       0
       0
       0
       0
       0
       0
       0
       0
       0
       0
       0
       0
       0
       0
       0
       0
       0
       0
       0
       0
       0
       0
       0
       0
       0
       0
       0
       0
       0
       0
       0
       0
       0
       0
       0
       0
       0
       0
       0
       0
       0
       0
       0
       0
       0
       0
       0
       0
       0
       0
       0
       0
       0
       0
       0
       0
       0
       0
       0
       0
       0
       0
       0
       0
       0
       0
       0
       0
       0
       0
       0
       0
       0
       0
       0
       0
       0
       0
       0
       0
       0
       0
       0
       0
       0
       0
       0
       0
       0
       0
       0
       0
       0
       0
       0
       0
       0
       0
       0
       0
       0
       0
       0
       0
       0
       0
       0
       0
       0
       0
       0
       0
       0
       0
       0
       0
       0
       0
       0
       0
       0
       0
       0
       0
       0
       0
       0
       0
       0
       0
       0
       0
       0
       0
       0
       0
       0
       0
       0
       0
       0
       0
       0
       0
       0
       0
       0
       0
       0
       0
       0
       0
       0
       0
       0
       0
       0
       0
       0
       0
       0
       0
       0
       0
       0
       0
       0
       0
       0
       0
       0
       0
       0
       0
       0
       0
       0
       0
       0
       0
       0
       0
       0
       0
       0
       0
       0
       0
       0
       0
       0
       0
       0
       0
       0
       0
       0
       0
       0
       0
       0
       0
       0
       0
       0
       0
       0
       0
       0
       0
       0
       0
       0
       0
       0
       0
       0
       0
       0
       0
       0
       0
       0
       0
       0
       0
       0
       0
       0
       0
       0
       0
       0
       0
       0
       0
       0
       0
       0
       0
       0
       0
       0
       0
       0
       0
       0
       0
       0
       0
       0
       0
       0
       0
       0
       0
       0
       0
       0
       0
       0
       0
       0
       0
       0
       0
       0
       0
       0
       0
       0
       0
       0
       0
       0
       0
       0
       0
       0
       0
       0
       0
       0
       0
       0
       0
       0
       0
       0
       0
       0
       0
       0
       0
       0
       0
       0
       0
       0
       0
       0
       0
       0
       0
       0
       0
       0
       0
       0
       0
       0
       0
       0
       0
       0
       0
       0
       0
       0
       0
       0
       0
       0
       0
       0
       0
       0
       0
       0
       0
       0
       0
       0
       0
       0
       0
       0
       0
       0
       0
       0
       0
       0
       0
       0
       0
       0
       0
       0
       0
       0
       0
       0
       0
       0
       0
       0
       0
       0
       0
       0
       0
       0
       0
       0
       0
       0
       0
       0
       0
       0
       0
       0
       0
       0
       0
       0
       0
       0
       0
       0
       0
       0
       0
       0
       0
       0
       0
       0
       0
       0
       0
       0
       0
       0
       0
       0
       0
       0
       0
       0
       0
       0
       0
       0
       0
       0
       0
       0
       0
       0
       0
       0
       0
       0
       0
       0
       0
       0
       0
       0
       0
       0
       0
       0
       0
       0
       0
       0
       0
       0
       0
       0
       0
       0
       0
       0
       0
       0
       0
       0
       0
       0
       0
       0
       0
       0
       0
       0
       0
       0
       0
       0
       0
       0
       0
       0
       0
       0
       0
       0
       0
       0
       0
       0
       0
       0
       0
       0
       0
       0
       0
       0
       0
       0
       0
       0
       0
       0
       0
       0
       0
       0
       0
       0
       0
       0
       0
       0
       0
       0
       0
       0
       0
       0
       0
       0
       0
       0
       0
       0
       0
       0
       0
       0
       0
       0
       0
       0
       0
       0
       0
       0
       0
       0
       0
       0
       0
       0
       0
       0
       0
       0
       0
       0
       0
       0
       0
       0
       0
       0
       0
       0
       0
       0
       0
       0
       0
       0
       0
       0
       0
       0
       0
       0
       0
       0
       0
       0
       0
       0
       0
       0
       0
       0
       0
       0
       0
       0
       0
       0
       0
       0
       0
       0
       0
       0
       0
       0
       0
       0
       0
       0
       0
       0
       0
       0
       0
       0
       0
       0
       0
       0
       0
       0
       0
       0
       0
       0
       0
       0
       0
       0
       0
       0
       0
       0
       0
       0
       0
       0
       0
       0
       0
       0
       0
       0
       0
       0
       0
       0
       0
       0
       0
       0
       0
       0
       0
       0
       0
       0
       0
       0
       0
       0
       0
       0
       0
       0
       0
       0
       0
       0
       0
       0
       0
       0
       0
       0
       0
       0
       0
       0
       0
       0
       0
       0
       0
       0
       0
       0
       0
       0
       0
       0
       0
       0
       0
       0
       0
       0
       0
       0
       0
       0
       0
       0
       0
       0
       0
       0
       0
       0
       0
       0
       0
       0
       0
       0
       0
       0
       0
       0
       0
       0
       0
       0
       0
       0
       0
       0
       0
       0
       0
       0
       0
       0
       0
       0
       0
       0
       0
       0
       0
       0
       0
       0
       0
       0
       0
       0
       0
       0
       0
       0
       0
       0
       0
       0
       0
       0
       0
       0
       0
       0
       0
       0
       0
       0
       0
       0
       0
       0
       0
       0
       0
       0
       0
       0
       0
       0
       0
       0
       0
       0
       0
       0
       0
       0
       0
       0
       0
       0
$ROI:
0
$PRESETS:
Real Time
2700
0
$ENER_FIT:
0.000000 0.000000
$MCA_CAL:
3
0.000000E+000 0.000000E+000 0.000000E+000 
$SHAPE_CAL:
3
0.000000E+000 0.000000E+000 0.000000E+000
