$SPEC_ID:
No sample description was entered.
$SPEC_REM:
DET# 1
DETDESC# NUCLEAR7 MCB 129 Input 1
AP# Maestro Version 6.08
$DATE_MEA:
02/12/2021 12:49:34
$MEAS_TIM:
2699 2700
$DATA:
0 4095
       0
       0
       0
       0
       0
       0
       0
       0
       0
       0
       0
       0
       0
       0
       0
       0
       0
       0
       0
       0
       0
       0
       0
       0
       0
       0
       0
       0
       0
       0
       0
       0
       0
       0
       0
       0
       0
       0
       0
       0
       0
       0
       0
       0
       0
       0
       0
       0
       0
       0
       0
       0
       0
       0
       0
       0
       0
       0
       0
       0
       0
     553
    1007
    1054
    1023
    1079
    1031
    1027
    1022
    1021
    1006
     994
    1012
    1014
     981
     957
     985
     997
     967
     967
     908
     921
     957
     913
     889
     936
     865
     889
     843
     880
     846
     881
     873
     806
     839
     837
     813
     781
     764
     733
     764
     759
     744
     734
     731
     702
     696
     635
     593
     649
     620
     545
     536
     530
     519
     506
     520
     544
     496
     491
     471
     478
     476
     463
     433
     436
     380
     384
     398
     415
     444
     369
     364
     371
     374
     369
     349
     290
     275
     292
     254
     283
     259
     237
     271
     251
     247
     202
     210
     207
     194
     195
     172
     185
     185
     153
     158
     159
     174
     153
     152
     153
     138
     170
     144
     152
     120
     129
     115
     127
     127
     126
     108
     118
     116
     114
      90
     107
      98
     105
      87
      86
      86
      77
      76
      83
      76
      79
      75
      60
      57
      65
      63
      76
      59
      88
      65
      51
      55
      50
      54
      49
      44
      65
      46
      44
      30
      44
      49
      38
      46
      44
      25
      46
      31
      32
      43
      26
      38
      42
      43
      43
      44
      19
      35
      30
      32
      35
      37
      28
      24
      32
      24
      29
      25
      27
      18
      13
      18
      27
      21
      24
      30
      13
      24
      15
      23
      23
      17
      29
      26
      23
      19
      17
      17
      18
      19
      22
      31
      12
      16
      13
      17
      20
      14
      17
      20
      17
      14
      11
      20
      14
      18
      17
      21
      18
      14
       6
      14
      14
      17
       9
      16
       9
      13
      17
      11
      18
      17
       5
      11
      10
      11
       9
      12
      18
      13
       8
      12
      10
      17
      12
       6
       9
       9
      15
      11
      14
       9
      16
      13
      13
      11
       9
      15
       9
      10
       5
       9
      11
       7
       7
      12
       5
       9
       5
       9
       6
      13
       8
      12
      10
      10
       6
       9
       7
      13
      14
       7
       7
       9
      15
       9
       8
       4
      11
       8
       7
      15
       5
       8
       8
       9
       9
       5
      11
      13
       8
       7
      11
       4
       8
       6
       6
       7
       6
       6
       8
      10
      11
      12
       9
       6
      11
       5
       6
       9
       7
       8
       9
       6
       8
       7
       8
       7
       5
       7
       9
       7
       9
       5
       7
       7
      11
       4
       8
       6
       5
       4
       1
      10
      11
       5
      10
       9
       6
       5
       9
       6
       3
       3
       6
       5
       4
       5
       3
       6
       5
      11
       8
       6
       7
       6
       9
      11
       3
       6
      11
      11
       6
       6
       8
       5
       4
       4
       6
       6
       8
       8
       4
       8
       8
       8
      14
       9
       7
       5
       6
       4
       7
       6
       7
       6
       6
       2
       9
       5
       7
       9
      11
       3
       5
       6
       7
      11
       6
       3
       8
      11
       5
       2
       2
      10
       3
       7
       7
       6
       4
       6
       8
      10
      11
       7
       7
       2
       5
       5
       7
       7
      11
       7
       4
       8
       8
       6
       2
       6
       9
       9
       8
       3
       3
       6
       2
       6
       9
       4
       8
       3
       3
       8
       6
       6
       6
       6
       3
       5
       7
       5
       7
       8
       5
       3
       6
       2
       7
       7
       7
       8
       3
       0
       7
       5
      10
       5
       6
       8
       8
       8
       5
       6
       8
       6
       9
       1
       6
       6
       5
       6
       4
       8
       6
       6
       4
       4
      10
       3
       1
       4
       2
       2
       5
       3
       4
       2
       4
       1
       7
       6
       2
       9
       8
       6
       2
       4
       7
       6
       5
      11
       4
       5
       6
       3
       2
       7
       7
       5
       4
       8
       3
       3
       3
      11
       3
       3
       7
       6
       5
       6
       6
      10
       6
       6
       3
       7
       7
       5
      10
       2
       3
       5
       3
       6
       5
       9
       2
       6
      12
       6
       5
       8
       5
       7
       9
       5
       5
       7
       7
      10
       3
       2
       8
       3
       6
       6
       4
       6
       4
       5
       2
       2
       3
       6
       4
       8
       1
       3
       5
       6
       4
       4
       5
       3
       7
      11
       4
       8
       3
       8
       4
       4
       4
       8
       3
       4
       3
       5
       1
       4
       2
       5
       4
       6
       6
       7
       4
       5
       0
       6
       4
       2
       4
       4
       3
       8
       4
       1
       3
       6
       4
       5
       5
       5
       4
       4
       5
       2
       3
      10
       4
       3
       8
       5
       4
       5
       3
       2
       6
       2
       6
       4
       4
       3
       4
       1
       4
       3
       4
       8
       2
       6
       6
       5
       1
       4
       4
       4
       5
       3
       8
       3
       5
       6
       2
       0
       7
       6
       4
       4
       4
       4
       3
       9
       6
       3
       2
       8
       0
       2
       4
       2
       2
       3
       5
       6
       2
       4
       3
       3
       6
       8
       4
       4
       3
       4
       5
       3
      10
       1
       6
       3
       5
       4
       3
       6
       5
       5
       5
       2
       2
       3
       2
       3
       6
       2
       2
       1
       3
       5
       5
       3
       7
       3
       7
       2
       3
       2
       3
       5
       6
       2
       5
       5
       2
       3
       5
       6
       6
       2
       3
       6
       4
       3
       6
       1
       3
       3
       6
       4
       5
       1
       8
       2
       5
       3
       4
       6
       6
       3
       6
       4
       1
       7
       7
       4
       6
       3
       2
       5
       3
       5
       3
       3
       5
       2
       0
       4
       3
       7
       3
       2
       2
       3
       5
       1
       5
       3
       4
       5
       4
       1
       2
       3
       2
       3
       3
       4
       4
       3
       2
       5
       3
       4
       5
       2
       3
       2
       2
       2
       1
       3
       1
       2
       3
       4
       2
       3
       1
       3
       7
       1
       4
       5
       2
       2
       1
       3
       3
       2
       2
       2
       3
       4
       5
       4
       4
       7
       1
       3
       4
       3
       3
       4
       3
       3
       3
       3
       2
       4
       2
       3
       1
       1
       5
       1
       3
       3
       1
       4
       3
       3
       3
       3
       4
       6
       2
       4
       1
       2
       2
       5
       2
       1
       4
       5
       4
       1
       5
       5
       3
       5
       3
       1
       4
       2
       2
       2
       1
       2
       5
       2
       2
       3
       1
       2
       3
       4
       4
       5
       5
       9
       3
       4
       2
       3
       5
       6
       3
       4
       5
       6
       4
       3
       3
       3
       3
       2
       3
       0
       3
       4
       6
       3
       7
       5
       1
       3
       4
       3
       4
       5
       4
       3
       2
       4
       6
       1
       7
       2
       0
       5
       2
       3
       3
       3
       3
       5
       0
       5
       6
       0
       2
       3
       2
       4
       3
       6
       5
       4
       3
       3
       8
       6
       2
       1
       2
       3
       3
       1
       6
       5
       3
       3
       1
       1
       4
       2
       4
       3
       3
       3
       4
       5
       2
       3
       2
       2
       6
       3
       3
       3
       5
       5
       7
       2
       3
       7
       3
       2
       4
       3
       3
       2
       1
       4
       0
       6
       3
       2
       4
       3
       3
       3
       1
       1
       4
       1
       5
       3
       1
       3
       4
       1
       1
       2
       2
       4
       2
       4
       2
       1
       1
       4
       2
       5
       2
       5
       3
       2
       2
       2
       3
       7
       3
       3
       1
       2
       7
       3
       7
       1
       5
       5
       2
       4
       3
       4
       4
       7
       1
       5
       4
       6
       4
       3
       1
       3
       3
       1
       2
       5
       4
       3
       4
       3
       1
       3
       5
       4
       4
       3
       6
       2
       2
       5
       7
       2
       8
       1
       3
       4
       2
       3
       4
       3
       3
       6
       2
       3
       1
       3
       2
       3
       1
       2
       3
       3
       4
       4
       1
       4
       3
       4
       6
       3
       4
       2
       4
       2
       3
       1
       3
       3
       3
       2
       4
       4
       5
       3
       3
       2
       3
       1
       6
       2
       3
       3
       5
       1
       2
       5
       2
       5
       1
       4
       3
       5
       0
       2
       2
       1
       1
       0
       3
       4
       5
       6
       3
       2
       5
       2
       4
       2
       4
       7
       4
       3
       2
       3
       4
       2
       1
       1
       1
       5
       4
       4
       5
       2
       2
       3
       4
       4
       4
       3
       1
       2
       1
       2
       3
       3
       6
       5
       3
       5
       0
       1
       4
       0
       4
       3
       5
       4
       1
       2
       3
       2
       3
       1
       4
       3
       3
       4
       1
       2
       0
       4
       3
       5
       6
       0
       4
       2
       7
       1
       4
       4
       4
       3
       3
       4
       3
       2
       2
       4
       1
       4
       6
       3
       3
       4
       4
       3
       3
       4
       2
       4
       7
       5
       1
       1
       3
       4
       2
       4
       5
       5
       2
       7
       2
       5
       3
       1
       2
       3
       3
       5
       3
       1
       2
       2
       5
       2
       1
       2
       2
       3
       5
       2
       7
       8
       3
       4
       4
       2
       5
       5
       1
       0
       3
       2
       2
       0
       6
       6
       3
       3
       5
       1
       2
       5
       4
       4
       5
       5
       3
       7
       2
       0
       3
       1
       2
       7
       0
       5
       5
       2
       4
       3
       3
       2
       6
       2
       2
       3
       7
       3
       6
       4
       2
       3
       6
       5
       5
       4
       6
       3
       8
       2
       3
       5
       5
      11
       7
       3
       4
       5
       8
       6
       8
       2
       5
       7
       7
       5
       4
       5
       7
       6
       5
       6
       6
       6
       5
       3
       2
       6
       4
       4
       3
       1
       6
       3
       9
       3
       9
       3
       2
       2
       7
       4
       5
       4
       4
       6
       7
      12
       5
       8
       5
       4
       6
       8
       8
      12
       6
       6
      11
      11
       3
       5
       2
      10
       5
       7
       4
       9
       8
      11
       9
       4
       4
       4
       4
      10
       9
       8
       9
       6
      11
      11
      13
       9
      11
       6
      10
       7
       6
       6
      11
       6
       9
      10
      11
       6
       6
       8
       8
      10
      13
       8
      13
       9
      14
      10
      15
      10
      12
      17
      19
      17
      12
       8
      16
      14
      12
       7
       9
      14
      17
      12
      15
      10
      10
      12
      11
      13
      11
      19
      16
       4
      16
      14
      19
      18
      12
      17
      10
      11
      24
      14
      22
      15
      11
      20
      12
      15
      21
      23
      21
      14
      22
      21
      27
      13
      17
      23
      19
      20
      28
      17
      18
      16
      22
      24
      20
      17
      18
      17
      23
      18
      21
      22
      17
      16
      15
      21
      20
      34
      23
      22
      20
      20
      22
      16
      27
      23
      27
      20
      28
      27
      21
      28
      25
      32
      30
      28
      29
      32
      21
      29
      39
      25
      33
      23
      27
      21
      22
      27
      32
      24
      22
      35
      30
      26
      25
      31
      39
      33
      26
      30
      36
      28
      34
      26
      33
      37
      27
      29
      37
      23
      38
      26
      33
      25
      29
      31
      35
      31
      44
      43
      31
      42
      35
      32
      28
      38
      38
      33
      40
      36
      26
      44
      30
      28
      54
      45
      48
      42
      47
      41
      32
      41
      32
      36
      42
      39
      41
      41
      45
      47
      51
      49
      47
      55
      45
      41
      40
      52
      38
      50
      37
      47
      50
      50
      54
      36
      36
      53
      36
      42
      36
      52
      41
      36
      48
      36
      33
      36
      47
      42
      28
      41
      54
      38
      56
      42
      49
      41
      48
      50
      37
      46
      46
      38
      45
      49
      53
      38
      42
      44
      60
      50
      49
      40
      39
      52
      51
      48
      56
      48
      40
      48
      53
      39
      57
      37
      51
      44
      36
      53
      37
      45
      49
      51
      44
      52
      54
      41
      41
      48
      44
      46
      43
      46
      44
      33
      34
      40
      41
      39
      30
      32
      46
      43
      36
      36
      38
      50
      40
      30
      38
      45
      36
      39
      43
      33
      31
      40
      38
      40
      30
      40
      34
      35
      42
      37
      43
      33
      35
      43
      36
      28
      36
      41
      39
      28
      36
      35
      30
      29
      37
      52
      38
      30
      28
      43
      36
      32
      36
      27
      37
      32
      32
      38
      36
      31
      27
      29
      38
      41
      37
      26
      41
      27
      40
      29
      39
      27
      33
      35
      42
      25
      30
      24
      28
      35
      32
      27
      31
      30
      30
      34
      17
      26
      40
      36
      33
      20
      37
      31
      32
      24
      19
      29
      32
      26
      23
      36
      28
      31
      31
      32
      28
      26
      31
      29
      29
      27
      27
      31
      37
      31
      35
      37
      13
      15
      24
      29
      26
      26
      28
      23
      32
      31
      26
      17
      31
      27
      36
      33
      25
      23
      32
      36
      27
      28
      38
      31
      26
      26
      20
      34
      29
      30
      20
      31
      29
      22
      25
      34
      31
      30
      25
      34
      33
      21
      37
      32
      38
      32
      36
      32
      28
      44
      31
      24
      20
      31
      25
      30
      36
      34
      17
      36
      33
      35
      39
      33
      31
      32
      32
      37
      34
      42
      36
      41
      38
      28
      31
      28
      44
      45
      26
      35
      42
      40
      33
      44
      36
      50
      29
      50
      33
      40
      53
      51
      41
      45
      39
      41
      45
      41
      42
      47
      47
      43
      40
      50
      44
      45
      53
      38
      51
      50
      47
      58
      51
      52
      53
      34
      37
      44
      56
      46
      58
      55
      65
      46
      69
      48
      63
      63
      64
      57
      55
      55
      45
      59
      66
      61
      38
      48
      47
      67
      68
      59
      57
      68
      46
      62
      62
      82
      62
      67
      55
      52
      52
      57
      61
      55
      63
      68
      58
      66
      45
      55
      59
      53
      63
      46
      55
      83
      63
      67
      65
      76
      69
      73
      65
      81
      63
      63
      53
      65
      76
      63
      69
      57
      63
      49
      64
      65
      62
      79
      72
      71
      68
      64
      63
      64
      74
      66
      75
      63
      66
      76
      74
      69
      61
      62
      67
      70
      74
      70
      92
      55
      69
      70
      65
      82
      73
      75
      71
      71
      62
      69
      67
      65
      67
      70
      63
      62
      62
      71
      85
      96
      60
      76
      77
      70
      72
      72
      78
      71
      73
      62
      67
      66
      76
      69
      60
      64
      63
      72
      71
      73
      77
      68
      61
      53
      56
      68
      75
      64
      66
      77
      79
      54
      63
      62
      70
      62
      61
      74
      55
      69
      67
      57
      71
      55
      64
      58
      55
      60
      65
      60
      53
      52
      60
      66
      53
      62
      75
      65
      60
      63
      82
      61
      56
      58
      49
      53
      49
      50
      63
      53
      61
      49
      55
      43
      43
      64
      45
      69
      53
      46
      50
      49
      59
      48
      63
      60
      53
      51
      44
      59
      46
      47
      36
      55
      34
      39
      32
      38
      53
      63
      39
      47
      34
      41
      43
      41
      36
      35
      36
      38
      35
      43
      44
      40
      39
      40
      39
      45
      55
      39
      28
      48
      44
      37
      43
      36
      40
      40
      39
      37
      37
      34
      37
      32
      30
      24
      38
      31
      35
      34
      42
      30
      26
      34
      23
      34
      51
      38
      36
      34
      42
      36
      33
      32
      28
      33
      31
      30
      35
      29
      31
      32
      32
      25
      27
      34
      36
      19
      30
      41
      34
      26
      28
      26
      32
      28
      28
      32
      31
      24
      27
      35
      25
      33
      31
      36
      27
      38
      33
      28
      31
      41
      40
      31
      28
      38
      24
      25
      28
      32
      22
      44
      33
      39
      28
      26
      29
      28
      43
      37
      27
      30
      23
      47
      28
      34
      47
      24
      42
      39
      34
      52
      46
      41
      33
      36
      34
      44
      42
      32
      33
      51
      42
      37
      43
      35
      45
      42
      47
      46
      58
      41
      53
      47
      47
      41
      40
      44
      49
      46
      44
      42
      43
      48
      48
      39
      60
      47
      44
      33
      54
      46
      59
      57
      49
      49
      64
      44
      51
      41
      43
      56
      48
      64
      41
      50
      55
      48
      59
      49
      52
      44
      45
      58
      40
      50
      64
      50
      40
      60
      61
      63
      57
      71
      54
      59
      49
      63
      54
      48
      46
      67
      48
      64
      47
      65
      58
      41
      56
      50
      51
      57
      44
      47
      60
      48
      57
      44
      50
      59
      48
      46
      58
      55
      45
      58
      69
      54
      47
      59
      53
      46
      59
      46
      57
      36
      58
      56
      51
      47
      46
      50
      48
      48
      44
      51
      62
      50
      46
      59
      42
      53
      50
      56
      49
      48
      53
      49
      45
      44
      39
      41
      45
      46
      36
      48
      44
      37
      46
      39
      39
      42
      45
      45
      47
      37
      38
      44
      58
      32
      37
      29
      32
      39
      29
      33
      38
      31
      36
      25
      43
      37
      39
      28
      30
      26
      28
      26
      25
      27
      25
      26
      33
      27
      31
      25
      17
      36
      24
      17
      29
      23
      30
      28
      22
      24
      29
      19
      13
      19
      33
      26
      21
      26
      15
      12
      20
      18
      23
      19
      15
      31
      20
      13
      22
      16
      19
      13
      13
      16
      16
      14
      20
      22
      12
      17
      17
      19
      12
      18
      12
      16
      20
      12
      13
      14
      11
      11
       9
       8
       9
       6
      16
       4
       4
       8
      14
      13
       6
       7
      11
      10
       8
       5
      10
      10
      13
      12
       8
      12
      11
       6
       8
       6
       9
       3
       9
       5
       7
       8
       9
       9
       7
       4
       9
       5
       4
       6
       3
       4
       6
       4
       6
       6
       3
       4
       3
       4
       5
       1
       5
       2
       3
       5
       3
       2
       3
       4
       3
       8
       2
       5
       3
       8
       4
       1
       3
       2
       3
       3
       2
       2
       2
       1
       3
       3
       3
       2
       2
       1
       2
       2
       3
       1
       2
       1
       4
       6
       1
       4
       2
       1
       1
       1
       1
       2
       3
       3
       1
       1
       1
       3
       2
       2
       2
       2
       2
       3
       1
       1
       2
       1
       1
       2
       1
       4
       2
       0
       1
       2
       1
       3
       0
       2
       1
       0
       0
       1
       3
       2
       1
       2
       0
       2
       0
       1
       0
       0
       1
       0
       2
       0
       0
       1
       2
       1
       3
       0
       1
       1
       1
       0
       0
       1
       0
       0
       0
       0
       0
       1
       0
       3
       3
       0
       0
       1
       0
       1
       1
       1
       2
       0
       0
       1
       2
       0
       0
       0
       1
       1
       2
       0
       0
       0
       0
       3
       0
       0
       0
       1
       0
       0
       1
       1
       1
       0
       1
       1
       1
       0
       0
       2
       1
       0
       1
       3
       1
       1
       0
       1
       1
       0
       0
       1
       1
       0
       0
       1
       0
       1
       0
       0
       1
       1
       0
       1
       1
       0
       1
       0
       1
       0
       1
       0
       1
       3
       0
       0
       0
       0
       0
       0
       0
       1
       0
       1
       0
       0
       0
       0
       0
       0
       3
       1
       0
       0
       0
       0
       0
       0
       0
       1
       0
       0
       1
       1
       0
       0
       1
       1
       0
       0
       0
       3
       1
       0
       0
       1
       0
       1
       1
       0
       0
       2
       3
       1
       1
       0
       0
       0
       3
       0
       0
       1
       1
       0
       0
       0
       1
       3
       1
       0
       0
       1
       0
       1
       1
       1
       0
       0
       1
       3
       0
       0
       1
       1
       1
       0
       1
       1
       0
       1
       1
       0
       2
       2
       3
       2
       0
       0
       0
       3
       0
       0
       0
       0
       0
       0
       0
       0
       0
       1
       0
       0
       2
       0
       1
       0
       0
       2
       2
       0
       2
       0
       0
       1
       1
       0
       2
       1
       0
       1
       0
       1
       1
       1
       0
       1
       1
       1
       0
       0
       0
       0
       0
       0
       3
       0
       0
       0
       0
       2
       0
       0
       1
       0
       1
       0
       1
       1
       0
       3
       0
       1
       0
       1
       0
       0
       1
       1
       0
       1
       2
       0
       1
       0
       0
       1
       0
       1
       0
       0
       1
       0
       0
       1
       1
       1
       1
       1
       0
       1
       0
       1
       1
       2
       0
       0
       2
       1
       1
       0
       0
       0
       0
       0
       1
       1
       0
       2
       1
       4
       0
       2
       0
       1
       3
       1
       1
       0
       1
       0
       0
       1
       1
       5
       2
       0
       1
       1
       4
       0
       0
       1
       0
       2
       3
       2
       1
       0
       2
       0
       1
       2
       2
       2
       2
       2
       2
       1
       0
       1
       1
       3
       2
       0
       1
       1
       3
       0
       2
       1
       2
       2
       2
       1
       3
       4
       2
       2
       1
       3
       2
       3
       1
       3
       0
       4
       3
       2
       3
       4
       6
       2
       4
       2
       5
       3
       5
       4
       4
       4
       2
       4
       3
       2
       6
       2
       2
       2
       5
       6
       3
       2
       4
       5
       4
       9
       9
       4
       4
       7
       4
       5
       7
       5
       5
       1
      14
       8
       5
       8
       9
       5
       2
       4
      13
       9
       6
       8
       5
       5
       8
       6
       8
       8
      12
      11
      12
       9
       8
      13
      13
      12
      18
      12
      12
      11
      12
       8
       6
      14
      18
      10
      17
      18
      23
      16
      22
      21
      14
      19
      14
      15
      16
      26
      19
      15
      17
      18
      19
      15
      24
      26
      23
      24
      28
      18
      34
      22
      22
      32
      26
      37
      45
      35
      29
      28
      29
      26
      37
      21
      24
      34
      31
      31
      31
      32
      31
      25
      46
      36
      44
      45
      47
      39
      48
      54
      47
      38
      40
      43
      45
      59
      58
      48
      46
      40
      47
      53
      33
      39
      53
      56
      61
      52
      49
      49
      45
      34
      54
      55
      51
      55
      64
      56
      47
      46
      67
      65
      62
      52
      63
      56
      51
      60
      67
      68
      52
      61
      67
      50
      54
      67
      66
      59
      45
      51
      73
      64
      72
      64
      67
      61
      72
      59
      68
      78
      54
      68
      62
      68
      66
      75
      72
      60
      63
      81
      69
      62
      71
      69
      65
      65
      73
      67
      57
      64
      62
      79
      58
      64
      84
      60
      64
      62
      53
      57
      69
      69
      53
      69
      72
      52
      52
      52
      64
      59
      64
      63
      59
      52
      53
      49
      57
      59
      54
      51
      62
      54
      49
      61
      58
      55
      48
      49
      55
      56
      48
      40
      50
      41
      44
      45
      57
      43
      39
      45
      50
      37
      46
      42
      41
      40
      32
      35
      42
      42
      36
      29
      41
      40
      37
      37
      31
      35
      37
      28
      41
      26
      30
      21
      30
      39
      34
      30
      28
      16
      25
      18
      29
      29
      23
      19
      22
      23
      25
      19
      13
      19
      15
      23
      17
      19
      20
      10
      16
      11
      16
      15
      21
      11
      13
      20
       7
      15
       7
      15
      13
      11
      16
      13
       4
      12
      14
      15
      11
      11
       7
      12
       9
      11
       7
      12
       9
      10
      12
       9
       4
       2
       9
       4
      10
       8
       7
       6
       9
       2
      10
      10
       6
       6
       4
       8
       5
       5
       2
       7
       3
       3
       8
       2
       5
       3
       3
       6
       3
       6
       5
       2
       4
       5
       4
       2
       2
       2
       1
       2
       1
       4
       3
       1
       5
       1
       0
       4
       4
       3
       1
       3
       4
       2
       1
       2
       2
       3
       0
       1
       6
       1
       2
       1
       3
       1
       3
       0
       1
       1
       4
       0
       0
       1
       0
       4
       0
       1
       0
       2
       2
       0
       1
       2
       1
       1
       1
       0
       1
       0
       1
       1
       0
       2
       1
       0
       1
       0
       0
       0
       0
       1
       1
       0
       0
       1
       0
       0
       0
       2
       1
       0
       1
       1
       0
       0
       0
       0
       0
       0
       1
       1
       0
       0
       0
       0
       0
       0
       0
       0
       0
       0
       0
       0
       0
       0
       0
       0
       0
       0
       0
       0
       0
       1
       1
       1
       0
       1
       0
       0
       0
       0
       0
       0
       0
       0
       0
       0
       0
       0
       0
       0
       0
       0
       0
       0
       0
       0
       0
       0
       0
       0
       0
       0
       0
       0
       0
       0
       0
       0
       0
       0
       0
       0
       0
       0
       0
       0
       0
       0
       0
       0
       0
       0
       0
       0
       0
       0
       0
       0
       0
       0
       0
       0
       0
       0
       0
       0
       0
       0
       0
       0
       0
       0
       0
       0
       0
       0
       0
       0
       0
       0
       0
       0
       0
       0
       0
       0
       0
       0
       0
       0
       0
       0
       0
       0
       0
       0
       0
       0
       0
       0
       0
       0
       0
       0
       0
       0
       0
       0
       0
       0
       0
       0
       0
       0
       0
       0
       0
       0
       0
       0
       0
       0
       0
       0
       0
       0
       0
       0
       0
       0
       0
       0
       0
       0
       0
       0
       0
       0
       0
       0
       0
       0
       0
       0
       0
       0
       0
       0
       0
       0
       1
       0
       0
       0
       0
       0
       0
       0
       0
       0
       0
       0
       0
       0
       0
       0
       0
       0
       0
       0
       0
       0
       0
       0
       0
       0
       0
       0
       0
       0
       0
       0
       0
       0
       0
       0
       0
       0
       0
       0
       0
       0
       0
       0
       0
       0
       0
       0
       0
       0
       0
       0
       0
       0
       0
       0
       0
       0
       0
       0
       0
       0
       0
       0
       0
       0
       0
       0
       0
       0
       0
       0
       0
       0
       0
       0
       0
       0
       0
       0
       0
       0
       0
       0
       0
       0
       0
       0
       0
       0
       0
       0
       0
       0
       0
       0
       0
       0
       0
       0
       0
       0
       0
       0
       0
       0
       0
       0
       0
       0
       0
       0
       0
       0
       0
       0
       0
       0
       0
       0
       0
       0
       0
       0
       0
       0
       0
       0
       0
       0
       0
       0
       0
       0
       0
       0
       0
       0
       0
       0
       0
       0
       0
       0
       0
       0
       0
       0
       0
       0
       0
       0
       0
       0
       0
       0
       0
       0
       0
       0
       0
       0
       0
       0
       0
       0
       0
       0
       0
       0
       0
       0
       0
       0
       0
       0
       0
       0
       0
       0
       0
       0
       0
       0
       0
       0
       0
       0
       0
       0
       0
       0
       0
       0
       0
       0
       0
       0
       0
       0
       0
       0
       0
       0
       0
       0
       0
       0
       0
       0
       0
       0
       0
       0
       0
       0
       0
       0
       0
       0
       0
       0
       0
       0
       0
       0
       0
       0
       0
       0
       0
       0
       0
       0
       0
       0
       0
       0
       0
       0
       0
       0
       0
       0
       0
       0
       0
       0
       0
       0
       0
       0
       0
       0
       0
       0
       0
       0
       0
       0
       0
       0
       0
       0
       0
       0
       0
       0
       0
       0
       0
       0
       0
       0
       0
       0
       0
       0
       0
       0
       0
       0
       0
       0
       0
       0
       0
       0
       0
       0
       0
       0
       0
       0
       0
       0
       0
       0
       0
       0
       0
       0
       0
       0
       0
       0
       0
       0
       0
       0
       0
       0
       0
       0
       0
       0
       0
       0
       0
       0
       0
       0
       0
       0
       0
       0
       0
       0
       0
       0
       0
       0
       0
       0
       0
       0
       0
       0
       0
       0
       0
       0
       0
       0
       0
       0
       0
       0
       0
       0
       0
       0
       0
       0
       0
       0
       0
       0
       0
       0
       0
       0
       0
       0
       0
       0
       0
       0
       0
       0
       0
       0
       0
       0
       0
       0
       0
       0
       0
$ROI:
0
$PRESETS:
Real Time
2700
0
$ENER_FIT:
0.000000 1.994909
$MCA_CAL:
3
0.000000E+000 1.994909E+000 0.000000E+000 keV
$SHAPE_CAL:
3
0.000000E+000 0.000000E+000 0.000000E+000
